354  501 536  485 560  521 355  540 
354.001  500.996 536.024  485.022 560.033  520.995 354.909  540.028 
354.04  500.991 536.063  485.007 560.072  520.984 354.948  540.028 
354.079  500.986 536.103  484.992 560.111  520.973 354.987  540.027 
354.152  500.985 536.138  484.934 560.069  520.962 355.297  539.977 
354.126  500.937 536.112  484.89 560.043  520.911 355.271  539.921 
353.967  500.847 536.049  484.825 559.691  520.83 355.22  539.843 
353.989  500.718 536.083  484.763 560.103  520.739 355.138  539.606 
354.163  500.713 536.109  484.79 560.132  520.768 355.357  539.62 
354.003  500.686 535.918  484.719 559.741  520.743 355.018  539.528 
354.27  500.739 536.089  484.741 560.306  520.824 355.298  539.48 
354.284  500.982 536.032  485.066 560.171  521.13 355.275  539.759 
354.526  501.305 535.902  485.371 560.246  521.527 355.255  540.003 
354.602  500.95 535.989  485.104 560.477  521.266 355.247  539.666 
354.524  500.868 535.946  485.093 560.44  521.289 355.258  539.597 
354.55  501.012 535.806  485.354 560.292  521.499 355.258  539.778 
354.428  501.055 535.889  485.214 560.011  521.16 355.28  539.692 
354.274  501.267 535.76  485.434 559.836  521.351 355.147  539.887 
354.417  500.926 535.869  485.122 559.961  521.062 355.372  539.549 
354.725  500.819 536.033  485.039 560.15  521.004 355.675  539.451 
354.484  500.833 535.823  485.144 559.972  521.077 355.266  539.52 
354.518  500.981 535.88  485.316 559.95  521.288 355.176  539.654 
354.451  501.03 535.832  485.418 559.887  521.413 354.971  539.736 
354.875  501.07 536.074  485.404 560.64  521.456 355.368  539.74 
354.644  500.896 535.996  485.359 560.434  521.493 355.278  539.642 
354.626  500.83 536.003  485.344 560.428  521.499 355.266  539.569 
354.576  500.954 536.072  485.482 560.474  521.647 355.405  539.714 
354.413  500.971 535.931  485.44 560.29  521.522 355.256  539.688 
354.228  501.062 535.751  485.522 560.088  521.567 355.079  539.76 
353.942  500.889 535.654  485.249 559.714  521.266 354.805  539.571 
354.313  500.819 536.064  485.248 559.836  521.26 355.307  539.522 
354.024  500.67 535.874  485.174 559.346  521.148 354.861  539.405 
354.259  500.622 536.161  485.141 559.86  521.082 354.862  539.384 
354.299  500.663 536.174  485.199 559.701  521.146 354.933  539.464 
354.084  500.681 535.867  485.263 559.317  521.177 354.582  539.532 
354.095  500.693 535.927  485.309 559.371  521.183 354.515  539.595 
354.254  500.684 535.955  485.265 559.317  521.16 354.685  539.558 
354.306  500.645 536.183  485.192 559.718  521.117 354.937  539.464 
354.109  500.604 535.995  485.238 559.687  521.07 354.42  539.557 
354.344  500.616 536.074  485.162 559.861  521.085 354.904  539.485 
353.982  500.646 535.629  485.182 558.944  521.113 354.512  539.545 
354.344  500.549 535.917  485.199 559.522  521.018 354.605  539.554 
354.48  500.589 536.005  485.173 559.679  521.014 354.739  539.571 
354.334  500.678 535.929  485.206 559.58  521.097 354.729  539.638 
354.073  500.763 535.683  485.276 559.299  521.179 354.531  539.73 
354.105  500.867 535.763  485.348 559.418  521.288 354.598  539.816 
354.153  501.006 535.813  485.341 559.363  521.249 354.698  539.921 
354.395  501.074 535.968  485.398 559.605  521.436 354.916  540.066 
354.256  500.96 535.812  485.28 559.607  521.347 354.725  539.947 
354.341  500.954 536.092  485.332 559.631  521.394 355.005  539.984 
354.268  500.838 536.19  485.179 559.343  521.289 355.14  539.81 
354.312  500.552 536.177  484.816 559.531  520.923 355.211  539.539 
354.321  500.903 536.118  485.168 559.257  521.22 355.255  539.875 
354.151  500.837 536.048  485.123 558.985  521.122 355.226  539.833 
354.127  500.721 535.934  484.889 558.989  520.965 355.491  539.667 
354.349  500.665 535.728  484.868 559.298  520.863 355.701  539.655 
354.162  500.673 535.699  484.818 559.298  520.808 355.508  539.59 
354.339  500.627 535.837  484.802 559.43  520.746 355.689  539.534 
354.127  500.688 535.906  484.887 559.063  520.703 355.781  539.773 
354.228  500.731 535.83  484.798 559.418  520.7 355.734  539.727 
354.057  500.777 535.752  484.948 559.171  520.749 355.528  539.709 
353.986  500.748 535.919  484.772 559.276  520.684 355.743  539.567 
354.191  500.763 535.899  484.737 559.611  520.681 355.875  539.522 
354.172  500.856 535.79  484.869 559.758  520.977 355.691  539.8 
353.998  500.89 535.657  484.869 559.649  520.998 355.138  539.757 
354.374  501.079 536.216  485.065 560.141  521.235 355.582  539.893 
354.371  501.105 536.22  485.109 559.98  521.291 355.553  539.894 
354.298  501.034 536.237  484.957 559.91  521.221 355.527  539.729 
354.716  501.062 536.279  485.018 560.511  521.294 355.914  539.728 
354.478  501.182 536.062  484.819 560.246  521.125 355.766  539.875 
354.412  501.285 536.067  484.969 559.979  521.266 355.797  540.011 
354.277  501.297 536.083  485.094 560.056  521.333 355.799  540.052 
354.26  501.234 536.19  484.963 560.098  521.299 355.855  539.87 
354.229  501.213 536.186  485.011 560.058  521.316 356.169  539.832 
354.43  501.173 536.383  485.08 560.259  521.344 356.362  539.742 
354.282  501.147 536.371  485.058 560.144  521.25 356.208  539.609 
354.261  501.018 536.304  485.019 560.369  521.149 356.122  539.492 
354.242  500.884 536.102  485.029 560.427  521.064 355.721  539.399 
353.865  500.941 535.464  485.165 559.6  521.142 355.083  539.692 
354.194  500.879 535.648  485.05 559.702  520.999 355.272  539.682 
354.632  500.91 536.143  485.028 560.25  521.04 355.857  539.661 
354.139  500.932 535.388  485.203 559.694  521.115 355.164  539.764 
354.326  501.043 535.779  485.214 559.873  521.248 355.699  539.752 
354.285  501.051 535.709  485.136 560.05  521.183 355.822  539.803 
354.124  501.124 535.499  485.119 559.917  521.199 355.607  539.897 
354.143  501.206 535.54  485.268 559.912  521.315 355.539  539.986 
354.454  501.266 536.14  485.207 560.308  521.376 355.771  539.925 
354.218  501.204 536.134  485.244 559.934  521.356 355.288  539.907 
354.551  501.141 536.389  485.281 560.237  521.359 355.789  539.862 
354.268  501.038 536.189  485.092 559.959  521.246 355.477  539.71 
354.294  500.976 536.093  485.217 560.109  521.242 355.12  539.698 
354.674  501.049 536.393  484.995 560.494  521.128 355.695  539.747 
354.567  501.039 536.426  484.885 560.415  521.092 355.758  539.873 
354.533  501.033 536.372  484.539 560.38  520.833 356.167  539.805 
354.707  501.004 536.489  484.335 560.578  520.745 356.311  539.746 
354.449  501.044 535.935  484.527 560.049  520.938 356.12  540.021 
354.289  501.123 535.92  484.617 560.063  521.029 356.021  540.302 
354.505  501.169 536.223  484.406 560.176  520.852 356.397  540.19 
354.418  501.338 535.677  484.445 559.867  520.732 355.977  540.565 
354.088  501.541 535.829  484.171 560.03  520.542 355.98  540.721 
353.976  501.58 534.868  484.372 559.436  520.69 355.537  541.24 
353.912  501.566 535.018  484.192 559.257  520.542 355.408  541.184 
354.307  501.593 535.344  483.72 559.735  520.203 355.726  541.138 
354.076  501.677 535.254  483.647 559.547  520.453 355.484  541.59 
354.684  501.557 535.053  483.552 559.846  520.178 355.56  541.48 
353.71  501.541 534.73  484.017 559.103  520.45 354.917  541.391 
354.174  501.547 535.627  483.639 560.036  520.352 355.704  541.386 
354.012  501.52 535.109  483.722 559.605  520.43 355.06  541.609 
353.888  501.46 535.145  483.329 559.382  520.036 355.21  541.579 
354.13  501.462 535.652  483.118 559.594  520.046 355.153  541.632 
354.21  501.073 535.234  482.606 559.196  519.876 355.709  541.631 
353.638  500.862 535.47  482.426 558.901  520.03 355.043  541.622 
354.047  500.835 536.563  482.216 560.23  519.799 355.716  541.46 
353.804  500.717 535.991  481.901 559.61  519.691 355.716  541.814 
354.092  499.864 536.073  481.315 559.395  519.582 355.386  541.432 
354.139  499.598 535.16  481.396 559.27  519.488 355.151  541.452 
354.507  499.566 535.755  481.45 559.726  519.725 355.726  541.227 
354.076  498.733 534.931  481.121 558.687  519.707 355.105  541.072 
354.247  498.039 535.298  480.819 558.745  519.56 354.983  540.775 
353.405  497.647 535.691  480.626 558.219  519.945 354.35  540.758 
353.959  497.402 537.173  480.948 559.218  520.324 354.812  540.176 
354.248  497.855 537.712  481.424 559.706  520.431 354.404  540.246 
353.846  497.468 536.544  481.573 558.813  520.258 353.655  539.948 
353.853  497.651 535.593  482.501 558.755  520.52 353.952  539.707 
354.086  497.874 535.536  482.472 558.852  520.469 353.745  539.705 
354.684  497.405 535.297  482.298 558.754  520.346 353.526  539.354 
354.581  497.589 534.959  482.407 558.7  520.57 354.171  539.404 
354.354  497.429 535.13  482.402 558.488  520.656 353.628  539.298 
354.557  496.938 536.059  481.918 558.609  520.504 354.261  538.878 
354.701  497.258 536.57  482.338 558.92  520.848 354.605  538.817 
354.651  497.229 535.952  482.632 558.349  520.898 354.862  538.919 
354.482  496.63 536.853  482.066 558.617  520.741 354.667  538.8 
355.038  497.355 534.841  482.921 558.143  520.719 354.173  539.006 
355.571  496.479 536.276  482.212 558.54  520.584 354.36  538.71 
354.356  495.532 536.482  481.684 557.762  520.967 354.121  538.518 
354.427  495.021 537.625  480.83 558.706  521.017 355.564  538.666 
354.232  494.899 538.222  480.753 558.569  521.063 355.101  538.851 
353.962  494.072 537.847  480.131 558.126  520.92 355.457  538.777 
353.651  494.148 536.903  479.729 557.785  520.667 354.813  538.897 
353.749  493.061 537.033  478.7 557.921  520.533 355.339  538.534 
353.148  492.251 535.492  478.207 557.182  520.437 354.355  538.874 
353.196  492.237 534.291  478.165 556.78  520.49 352.844  539.391 
354.238  491.245 536.866  475.694 558.669  519.579 355.163  539.162 
353.576  490.081 534.165  474.831 557.267  519.657 354.128  539.292 
355.039  488.954 536.172  472.807 559.412  518.805 355.69  539.166 
352.814  487.042 535.851  470.881 558.271  518.762 355.333  539.471 
352.881  485.941 534.613  469.994 557.617  518.425 353.97  539.556 
353.21  483.862 535.469  468.15 558.559  518.402 354.2  539.588 
353.08  481.566 537.042  465.642 559.314  518.028 355.86  539.075 
351.943  479.118 538.026  463.027 558.521  517.83 355.211  538.936 
351.91  476.367 538.675  460.187 558.27  517.384 354.901  538.283 
352.601  473.799 539.769  457.478 558.497  517.247 355.189  537.734 
352.021  471.677 540.93  455.269 559.03  517.779 355.958  537.633 
352.121  468.317 540.866  452.475 558.325  517.459 355.562  537.291 
350.67  465.162 540.917  450.061 557.167  517.917 355.135  537.38 
350.859  460.918 542.15  445.717 557.345  517.058 356.356  537.328 
351.083  458.816 541.777  443.703 557.656  518.149 356.63  537.777 
350.232  456.483 541.626  442.668 555.97  518.833 356.211  537.493 
351.336  455.531 541.768  441.534 557.353  518.476 356.455  537.782 
350.185  453.485 541.586  439.837 556.83  518.146 356.155  537.496 
350.025  451.147 541.403  437.559 556.809  518.214 355.851  537.193 
350.28  449.267 542.274  436.002 557.33  518.2 356.622  536.222 
351.447  447.713 542.548  434.436 558.692  517.809 356.273  536.135 
350.649  445.764 541.956  433.019 557.632  518.253 354.817  536.816 
350.417  444.218 542.145  431.484 557.94  518.743 355.104  536.516 
351.233  443.715 542.714  430.592 560.3  518.812 355.679  536.64 
351.092  441.363 542.526  429.322 559.483  518.38 355.45  535.105 
349.952  440.144 542.782  427.938 559.331  517.924 354.778  535.159 
350.863  438.584 544.208  425.951 559.781  517.055 356.027  533.954 
349.303  437.211 543.393  425.446 557.685  517.049 352.308  533.994 
350.512  435.536 545.247  423.609 559.019  516.667 353.815  533.867 
351.274  435.349 545.46  422.887 559.662  517.884 354.314  534.719 
351.084  433.911 545.432  422.06 560.52  517.732 354.278  534.565 
351.13  432.312 545.347  420.865 559.465  517.447 353.635  534.56 
350.968  431.35 545.65  420.372 559.41  517.588 353.907  534.242 
351.047  431.518 546.344  419.956 559.93  518.595 352.68  534.795 
351.482  430.549 546.733  418.555 560.233  518.087 352.729  534.75 
350.614  429.781 546.502  418.333 559.204  518.252 352.601  534.343 
350.886  429.529 547.886  417.219 560.585  517.418 354.096  533.743 
350.275  428.55 547.793  416.647 560.511  517.399 353.689  533.222 
350.763  427.187 548.251  415.829 561.906  517.921 355.079  532.058 
350.685  428.229 548.379  416.755 561.678  519.06 354.622  533.06 
350.891  427.523 549.027  415.645 562.598  518.595 354.29  532.579 
350.114  426.732 549.087  415.296 560.7  518.111 353.375  532.073 
350.3  425.828 549.572  414.168 561.415  517.999 353.111  531.246 
350.876  424.914 550.184  414.198 560.685  518.323 353.493  531.34 
351.509  424.497 550.45  413.97 561.618  518.17 353.936  530.71 
351.538  424.718 551.288  414.025 562.483  518.773 354.224  531.397 
351.052  424.306 550.532  413.766 561.728  518.597 353.229  532.772 
351.122  422.816 550.9  412.337 563.195  518.318 352.132  532.268 
351.1  422.695 552.123  412.647 562.001  517.93 352.412  531.001 
351.017  422.747 552.542  412.244 561.874  517.939 352.638  531.564 
351.131  422.685 553.646  412.328 561.479  518.198 352.48  531.536 
350.854  422.746 553.619  411.638 562.177  518.219 352.178  532.202 
350.673  421.697 554.448  411.237 563.486  519.314 352.258  531.692 
350.412  421.075 554.104  410.722 563.177  519.505 351.37  532.432 
350.111  421.186 555.287  411.358 563.52  519.163 352.762  531.266 
349.337  420.822 554.253  410.912 562.26  518.765 351.96  531.408 
350.348  420.074 555.843  410.278 563.599  519.172 353.127  531.266 
349.778  419.905 556.158  410.157 562.663  519.529 352.32  531.592 
350.661  419.903 556.505  409.264 563.21  519.858 352.962  531.78 
351.241  419.775 556.376  409.554 562.944  520.426 352.531  532.777 
351.614  419.4 556.833  409.343 563.035  520.058 352.302  533.198 
351.642  418.694 556.472  409.053 562.542  519.828 351.562  533.416 
351.813  418.799 557.233  409.517 562.204  520.057 350.645  533.997 
351.503  417.827 557.417  409.616 562.255  519.663 348.774  533.534 
351.098  418.528 558.172  409.752 562.358  520.197 349.73  533.058 
352.28  417.898 559.609  409.681 563.612  520.755 349.176  533.417 
351.299  419.246 559.995  410.308 563.858  521.849 348.982  534.159 
350.34  419.458 559.743  409.904 563.645  520.977 349.353  534.347 
348.958  420.009 559.193  411.268 562.146  521.493 348.675  534.916 
348.678  420.82 559.771  410.882 561.811  521.314 349.684  534.892 
348.723  420.967 559.609  410.412 561.612  520.527 348.569  535.136 
348.269  422.379 561.444  410.751 563.259  520.017 349.599  535.117 
348.23  422.444 561.522  411.637 563.484  520.624 349.781  534.421 
348.333  422.536 561.681  411.34 563.33  521.101 350.006  534.199 
348.586  422.934 562.452  410.929 563.57  521.232 350.072  535.049 
348.497  422.58 562.445  411.118 563.389  521.017 348.799  535.322 
349.273  423.517 564.69  411.394 564.632  521.326 350.39  535.279 
348.473  423.749 565.337  410.744 564.098  521.07 349.382  534.713 
350.371  424.037 566.26  412.172 565.527  522.203 350.034  535.174 
349.424  424.655 565.864  413.006 564.135  522.548 348.527  535.866 
348.311  423.718 564.115  414.058 562.531  523.103 346.891  535.866 
349.406  423.577 565.661  414.657 563.405  523.098 347.254  535.752 
349.741  424.181 566.171  415.513 563.505  524.018 347.161  535.992 
349.453  424.302 565.702  416.033 562.382  523.259 346.355  535.537 
348.458  424.799 566.451  416.38 562.602  523.056 345.866  535.21 
348.715  425.344 567.125  415.722 562.528  522.019 347.715  534.876 
347.783  425.009 566.868  416.897 561.192  521.537 347.341  534.789 
348.612  426.489 567.602  416.353 563.411  522.673 347.991  535.026 
348.897  426.943 568.144  415.94 563.256  522.142 349.141  533.739 
347.881  426.21 567.813  415.77 563.626  521.257 348.195  533.564 
347.245  426.522 567.967  416.498 563.033  522.087 347.682  534.065 
347.74  426.18 568.93  416.377 563.282  521.476 349.16  533.349 
347.584  427.243 569.539  416.01 564.559  521.491 350.219  533.007 
346.579  427.739 568.557  416.37 563.88  519.66 350.136  532.903 
347.07  427.696 568.844  416.507 564.78  520.697 350.397  532.867 
347.303  427.404 568.132  417.095 563.485  521.494 350.246  532.973 
347.961  426.127 567.813  415.82 563.056  520.255 350.263  532.347 
348.764  425.519 568.387  415.544 563.393  521.105 350.53  532.343 
349.974  425.787 568.651  415.027 564.649  521.943 350.964  532.84 
350.383  425.011 568.376  414.7 565.139  522.13 349.878  532.962 
348.379  425.269 567.024  415.341 563.026  521.826 348.884  533.773 
348.35  424.247 567.466  414.743 563.278  521.924 349.168  533.454 
347.477  423.328 567.85  413.917 562.736  521.284 349.193  532.946 
348.779  422.798 568.409  412.611 564.854  521.733 350.752  532.844 
347.65  420.71 567.626  412.453 563.359  519.789 349.081  532.355 
348.066  418.819 568.045  409.695 563.277  517.284 350.265  531.155 
347.873  418.046 566.742  408.686 562.968  515.508 349.877  530.607 
348.085  415.086 567.005  404.582 563.782  511.694 349.655  527.669 
349.285  413.102 567.572  401.51 565.026  508.51 350.579  524.885 
349.79  410.939 567.468  398.731 565.466  506.12 350.859  522.045 
348.821  408.011 567.066  395.841 564.27  502.158 350.247  519.274 
349.284  403.702 566.759  391.736 564.349  498.294 349.729  515.122 
348.955  400.76 566.338  388.905 564.155  494.746 349.236  512.425 
348.901  396.847 566.496  385.486 563.704  490.682 349.206  507.557 
349.706  393.089 566.425  381.907 564.643  487.691 349.56  503.206 
349.626  388.818 567.069  376.397 565.138  483.112 350.993  498.325 
349.425  384.23 567.035  371.939 564.586  478.184 351.669  493.556 
350.29  379.937 567.106  367.89 563.82  474.114 351.753  489.019 
349.657  374.972 566.063  362.549 562.342  468.125 351.223  483.434 
350.577  369.299 566.275  357.127 563.453  462.837 352.188  478.604 
351.071  363.342 565.596  351.005 563.613  456.953 352.176  473.797 
350.492  357.596 564.591  345.263 562.979  450.859 352.138  468.433 
350.567  351.284 562.668  338.988 563.382  445.277 352.639  463.428 
350.895  346.682 562.485  333.259 563.41  439.508 353.626  458.615 
351.112  341.565 562.39  326.06 564.079  433.317 354.638  452.599 
350.783  336.802 562.148  320.605 563.644  428.057 353.579  446.75 
350.328  331.581 560.633  315.281 561.67  421.507 353.27  440.841 
350.358  326.603 560.079  310.286 560.797  416.52 353.256  435.346 
349.679  322.721 558.223  306.08 558.635  411.409 353.391  431.054 
349.914  317.981 557.768  301.241 558.759  406.505 354.034  425.525 
349.879  314.108 556.935  297.557 557.821  402.67 352.799  420.659 
349.704  309.892 556.294  292.855 556.674  397.423 354.095  415.447 
349.662  305.3 555.421  288.742 555.627  392.739 353.22  410.429 
349.832  301.63 554.206  285.417 555.127  388.966 353.457  406.6 
350.247  297.94 553.79  281.418 554.517  385.063 354.149  402.294 
351.528  294.673 553.16  277.638 554.52  381.139 355.349  397.898 
351.28  291.393 551.977  274.707 553.425  376.721 354.436  394.471 
352.739  287.778 551.964  271.231 553.997  372.936 355.951  390.794 
352.796  284.846 551.107  268.295 553.491  369.176 355.729  388.006 
352.284  282.073 550.432  265.221 551.778  365.752 356.746  383.652 
352.576  279.496 549.542  262.246 551.34  362.414 356.224  381.26 
352.542  277.74 548.211  259.587 550.11  359.139 356.753  378.338 
351.583  274.902 546.143  257.37 547.331  356.05 355.335  375.382 
352.061  272.503 545.292  255.328 547.207  353.536 355.837  373.097 
351.596  270.151 544.021  254.181 545.873  352.135 354.549  371.08 
350.87  268.688 542.567  252.731 544.683  349.943 354.181  369.84 
350.769  266.956 541.725  251.854 544.086  348.994 353.994  367.877 
350.945  266.393 541.289  251.513 543.168  347.908 353.939  366.647 
350.538  265.826 540.105  251.881 543.189  347.52 353.094  366.026 
349.513  264.667 538.878  251.353 542.07  345.828 350.984  365.229 
350.042  263.919 538.668  250.596 541.758  344.832 351.343  364.673 
348.677  262.775 537.469  250.401 540.264  344.307 349.993  364.272 
348.305  261.904 537.068  249.938 540.275  343.516 350.462  363.61 
347.7  261.247 537.164  249.419 539.796  342.807 350.334  363.329 
347.128  260.621 536.115  249.21 538.487  343.052 349.706  363.091 
346.929  260.195 535.653  249.181 538.537  342.851 349.492  362.117 
346.364  259.843 535.857  249.229 538.175  342.619 349.766  361.814 
346.883  260.005 536.044  249.202 537.748  342.33 349.825  361.806 
346.239  259.609 536.791  249.683 536.285  342.516 350.727  360.87 
346.309  259.243 536.184  249.909 536.46  342.316 350.875  360.075 
346.825  259.363 536.686  250.262 536.933  342.533 351.656  360.82 
345.733  259.946 536.694  250.195 536.273  343.122 352.585  360.994 
346.446  261.221 537.4  249.66 536.747  343.283 353.752  360.489 
346.92  262.366 538.025  250.254 536.711  342.977 353.187  361.112 
347.317  263.81 537.579  250.779 537.626  343.361 352.714  362.191 
347.197  264.2 537.27  250.926 537.713  343.394 352.371  362.443 
348.393  265.462 537.781  251.01 539.13  344.134 353.286  363.337 
348.635  265.586 537.871  250.649 539.794  343.912 353.081  363.482 
348.635  265.498 537.98  250.362 539.071  343.912 352.088  363.64 
347.688  264.869 538.245  250.055 539.267  343.92 353.092  364.108 
348.342  265.525 538.043  250.721 539.758  344.176 353.105  364.283 
348.639  265.854 537.401  250.892 540.049  344.378 352.358  364.041 
348.687  266.054 537.735  250.575 540.412  343.769 352.489  363.907 
349.143  266.548 537.608  251.015 540.176  344.326 352.341  364.998 
349.07  266.527 537.078  251.394 539.506  344.544 352.51  364.389 
349.685  266.715 537.742  251.296 539.617  344.443 352.528  363.786 
350.523  266.79 539.238  250.95 541.16  344.758 353.013  364.115 
351.965  268.13 540.332  251.688 542.321  345.415 353.548  366.049 
352.54  267.577 540.31  251.805 542.27  345.245 353.686  365.926 
352.404  267.597 540.766  251.682 542.316  345.185 353.482  366.028 
353.218  269.177 541.617  252.593 542.914  345.66 354.816  365.994 
353.789  269.141 542.091  252.379 543.161  345.364 355.436  365.551 
354.659  269.308 542.86  252.624 544.298  345.367 355.37  366.336 
355.135  268.794 543.384  252.484 544.595  345.623 355.247  366.377 
355.219  268.112 543.624  252.393 545.324  345.539 355.821  366.468 
354.704  267.791 543.077  252.635 545.413  345.576 355.857  366.538 
355.875  267.996 543.478  252.095 546.256  345.991 357.323  366.383 
355.492  266.999 542.609  251.737 545.277  345.298 356.353  365.472 
354.954  266.964 542.441  251.619 544.316  345.846 356.459  365.921 
354.213  266.176 541.8  252.222 543.528  345.98 355.597  365.074 
353.595  265.112 541.485  252.147 543.172  345.617 355.72  364.433 
354.025  264.136 541.841  250.834 543.743  344.767 355.994  363.641 
354.434  263.792 542.232  250.656 543.457  344.543 354.108  363.794 
353.606  263.918 541.362  251.217 542.893  344.671 353.564  364.194 
355.296  264.379 542.24  251.414 543.53  344.836 355.012  364.433 
355.552  264.052 543.087  251.157 544.049  344.248 356.062  363.394 
356.659  264.007 544.675  250.928 545.379  344.49 357.449  362.613 
355.916  264.168 544.959  251.087 545.297  344.675 358.863  361.733 
356.219  264.126 544.9  251.391 545.621  344.431 358.305  361.812 
356.89  263.35 545.614  251.869 546.104  344.926 358.068  362.289 
356.176  262.992 545.642  251.768 545.679  344.969 358.277  362.378 
355.43  263.126 544.762  252.534 545.439  345.292 356.766  362.301 
355.966  263.496 544.782  252.1 545.886  345.105 356.673  362.514 
355.955  262.913 544.213  252.545 545.389  345.485 355.694  362.74 
355.362  262.698 545.005  251.553 546.768  345.164 355.997  361.908 
355.251  263.538 545.083  251.915 546.564  345.307 356.63  362.124 
354.464  263.037 543.821  252.015 545.372  345.632 355.077  362.141 
355.633  263.223 545.11  251.622 546.363  345.893 357.075  361.268 
355.497  262.735 544.744  251.201 546.295  345.843 356.222  361.27 
355.492  262.554 544.273  251.285 546.074  345.775 355.709  361.773 
355.541  262.553 543.966  250.411 546.167  345.597 356.123  361.686 
355.027  262.227 544.111  250.606 545.876  345.321 356.47  361.616 
355.303  262.183 544.877  250.105 546.559  344.368 357.301  360.221 
353.445  260.848 544.781  249.971 545.673  343.992 357.293  358.773 
354.014  259.849 545.54  249.934 545.654  344.545 358.217  357.948 
354.112  259.778 545.192  249.382 544.781  344.127 357.701  357.163 
354.95  259.64 545.924  249.812 545.246  344.197 357.586  356.69 
353.523  259.656 544.341  250.628 544.123  344.295 355.812  357.563 
352.922  259 543.744  250.987 543.476  345.031 354.907  357.636 
353.199  259.138 543.219  251.143 542.83  345.077 354.176  357.593 
353.357  259.57 544.099  251.233 544.239  344.955 354.238  357.449 
353.524  260.56 543.687  251.365 543.826  344.894 355.445  357.441 
353.875  260.712 543.674  251.443 543.858  345.409 355.999  357.6 
354.683  260.668 543.531  250.818 543.331  345.558 356.194  357.46 
353.656  260.142 544.324  250.491 543.81  344.387 356.058  357.139 
353.974  260.624 544.22  250.704 544.003  344.494 355.766  357.428 
353.942  261.34 544.152  251.081 543.913  344.844 355.863  358.004 
355.126  261.217 544.467  251.152 544.227  345.372 355.747  358.392 
354.13  260.608 544.726  250.332 543.585  344.825 355.671  357.755 
354.677  260.662 545.377  250.174 544.404  345.623 355.908  357.664 
354.564  260.567 545.51  249.869 544.047  345.689 356.577  357.372 
353.888  260.419 545.258  249.819 543.4  345.686 355.719  356.761 
355.406  259.075 546.508  250.187 544.517  345.85 356.298  356.409 
356.735  259.24 547.923  250.669 545.304  346.218 358.265  356.223 
357.552  258.638 547.78  250.153 545.714  345.393 359.361  355.254 
357.452  258.198 548.788  250.171 546.037  345.645 359.503  354.071 
357.86  257.2 548.803  249.742 545.782  345.146 359.743  353.494 
357.993  257.012 549.302  250.428 545.926  345.45 359.853  352.862 
357.893  256.704 549.221  250.88 545.593  345.077 360.32  352 
358.647  256.102 550.283  250.044 546.664  344.865 361.19  350.614 
358.969  256.25 550.774  250.678 546.975  344.656 360.951  350.661 
359.086  256.049 551.524  250.771 546.998  345.326 361.23  350.77 
359.868  255.771 552.452  251.034 547.898  345.603 361.802  350.431 
359.208  254.618 551.669  250.559 546.999  344.861 361.326  349.48 
358.722  253.292 551.854  249.665 547.607  343.618 361.736  348.368 
359.401  252.392 551.17  248.067 546.839  342.448 362.277  347.688 
358.092  250.688 549.249  247.05 545.015  340.617 361.233  346.837 
357.829  250.727 548.574  245.474 544.94  338.806 360.947  346.362 
358.045  250.832 547.814  244.28 544.34  337.385 361.296  345.919 
358.011  251.346 547.594  245.105 543.722  338.026 360.233  346.285 
358.854  251.781 548.446  246.354 543.926  339.138 361.454  346.598 
358.746  253.45 548.284  249.027 543.102  341.862 360.076  348.356 
358.856  253.193 549.269  249.368 543.78  341.356 360.229  347.184 
359.46  253.66 550.881  250.835 544.378  342.082 360.433  347.235 
358.57  253.406 550.398  251.217 543.249  342.359 359.892  346.677 
358.195  253.46 550.299  251.389 542.767  342.445 359.902  346.959 
357.818  252.715 549.566  251.366 543.094  342.18 359.754  346.191 
357.804  252.372 548.947  249.972 542.99  341.299 359.433  345.869 
358.609  252.021 549.102  249.975 543.944  342.489 359.402  344.889 
358.977  252.528 550.438  249.237 544.759  342.367 360.807  345.244 
358.357  252.067 550.211  247.743 545.018  341.878 361.861  344.588 
356.607  251.597 548.552  246.603 544.531  340.019 360.659  344.538 
356.943  250.416 549.013  244.527 545.425  338.383 361.008  343.717 
356.332  249.075 548.883  243.385 545.348  337.654 359.9  343.663 
356.319  247.603 549.256  240.647 546.3  336.221 360.672  343.374 
356.727  247.029 549.778  238.341 547.161  335.012 361.93  342.046 
357.323  245.057 549.682  236.167 548.156  333.157 362.053  340.335 
357.558  244.215 550.594  234.604 548.607  332.475 362.551  338.996 
357.665  241.772 551.615  232.399 550.413  330.356 362.762  336.614 
357.514  239.59 551.793  231.021 550.665  328.951 361.559  335.109 
357.923  238.258 552.221  229.329 551.14  327.931 362.609  334.201 
358.608  234.754 553.092  226.95 551.557  325.976 363.039  331.546 
359.895  231.706 554.669  224.487 552.886  324.401 363.052  328.895 
359.393  229.594 555.932  222.276 553.236  322.87 362.667  326.689 
360.546  227.964 557.664  220.867 555.355  322.138 364.694  324.468 
362.089  225.065 558.244  218.493 556.935  320.564 365.025  321.838 
363.016  221.78 559.478  216.049 557.266  319.247 365.434  319.162 
363.75  219.93 561.513  214.352 558.335  318.272 366.846  317.012 
363.613  218.262 561.98  214.464 559.742  318.565 367.843  314.718 
363.36  216.509 561.975  214.101 559.283  318.2 367.924  312.827 
363.683  214.631 564.407  212.758 560.391  317.032 368.657  309.96 
365.28  213.045 565.009  213.207 560.313  317.691 369.244  308.254 
366.235  210.174 565.706  212.344 560.836  316.821 369.212  305.438 
366.692  207.809 567.073  211.851 562.776  317.212 369.109  302.295 
367.031  205.694 567.338  211.529 560.586  316.915 368.676  300.856 
367.062  203.513 568.099  211.057 559.542  316.742 367.68  299.03 
367.243  201.073 569.181  211.202 560.263  317.39 367.74  296.096 
367.051  199.245 568.586  213.031 557.113  317.687 365.923  293.354 
366.461  198.249 569.168  213.637 556.11  318.966 365.951  291.35 
366.713  197.158 568.629  214.247 555.473  319.465 365.678  289.785 
367.132  196.549 568.625  216.444 554.118  321.328 365.538  288.848 
367.021  195.694 569.465  217.484 553.835  322.62 365.097  287.463 
366.447  196.76 568.989  220.921 552.343  325.43 363.724  289.083 
366.616  195.617 568.149  222.041 551.191  325.012 362.955  286.945 
369.532  196.732 568.641  223.59 551.349  327.254 363.752  288.063 
370.744  198.06 570.386  227.72 551.668  330.581 363.429  289.498 
372.215  200.918 570.612  233.676 551.538  335.509 363.492  291.153 
371.909  203.952 571.154  239.247 550.63  339.277 363.323  293.691 
374.382  206.123 572.263  244.993 552.073  343.805 365.717  294.977 
375.833  208.111 573.417  250.559 552.157  349.016 366.232  296.467 
377.652  209.27 575.658  254.887 552.396  351.022 367.613  296.486 
381.666  210.067 579.199  257.373 555.001  354.141 370.89  297.984 
382.01  210.928 579.395  260.039 553.464  355.664 370.511  298.419 
383.535  210.908 581.652  261.925 554.649  357.655 371.27  298.43 
385.833  211.091 582.906  263.444 555.59  359.533 372.7  298.605 
387.359  209.785 584.518  263.511 556.642  358.997 373.136  297.435 
387.03  209.43 585.692  264.231 557.206  358.637 373.479  296.866 
387.221  207.901 585.908  264.511 556.48  358.686 373.956  296.174 
386.963  207.071 586.009  264.423 556.133  357.313 374.237  295.283 
387.733  206.86 585.867  264.308 556.237  357.435 373.731  295.086 
388.052  206.898 586.73  264.579 556.157  357.141 374.206  294.478 
386.452  206.372 586.953  264.867 555.928  357.085 374.15  294.792 
386.369  207.396 585.96  264.958 556.853  358.371 374.076  296.422 
385.673  207.523 584.796  265.086 556.268  358.343 372.676  296.301 
385.27  208.196 584.658  265.796 556.129  357.955 372.473  295.989 
384.004  208.75 583.948  265.918 554.697  357.947 371.559  296.122 
385.88  209.434 584.574  264.787 554.819  358.084 372.143  297.232 
383.975  208.636 583.179  264.397 552.957  356.605 370.734  296.558 
383.04  207.881 582.943  264.349 552.129  356.462 370.629  296.683 
382.64  207.814 581.887  264.458 551.601  356.739 369.732  296.922 
382.917  207.573 581.486  264.093 551.541  356.841 367.954  297.105 
382.861  207.408 581.013  263.309 551.128  357.086 367.152  297.276 
382.15  208.163 580.232  263.309 550.964  356.835 366.06  297.724 
380.916  207.442 578.886  262.742 550.637  355.775 365.711  296.504 
378.909  207.682 577.964  262.382 549.894  355.756 365.318  297.129 
377.989  208.17 577.567  262.41 549.864  356.145 365.18  297.537 
377.792  208.891 577.503  262.31 550.162  355.908 366.445  297.961 
378.447  209.859 578.017  262.475 550.307  356.506 367.433  298.677 
378.142  211.877 578.155  263.944 550.199  357.094 368.031  299.72 
377.582  212.668 576.998  263.634 550.261  357.13 367.254  301.19 
377.36  212.359 576.997  262.636 550.313  356.144 367.706  301.03 
377.003  213.578 576.883  262.399 550.666  356.241 368.013  302.464 
377.305  213.251 576.839  262.548 550.157  356.444 367.694  302.463 
377.96  214.239 577.496  263.438 551.348  357.23 369.075  303.076 
379.121  214.417 577.68  263.196 552.161  358 369.216  303.454 
378.567  215.453 577.801  263.289 552.554  358.016 369.693  304.399 
379.705  215.823 578.467  263.578 553.271  358.318 370.194  304.291 
378.466  216.308 578.265  264.108 553.025  358.74 368.156  304.618 
378.66  216.349 578.68  265.209 553.714  359.272 368.283  304.68 
377.928  216.819 577.201  264.869 552.608  359.362 367.104  305.136 
378.203  216.714 578.583  263.634 554.37  358.831 367.855  304.946 
377.047  216.924 577.918  263.925 553.037  358.508 367.241  305.043 
375.825  216.64 577.269  263.18 552.439  358.086 366.669  304.721 
375.842  216.217 578.101  262.961 553.136  357.716 368.147  304.087 
375.078  215.539 577.025  262.99 551.985  357.227 367.06  303.99 
374.57  215.55 576.05  262.846 551.35  356.828 366.672  303.987 
374.776  215.594 576.562  262.066 552.951  356.134 366.833  304.011 
374.301  215.286 575.719  261.909 551.01  355.986 366.047  303.54 
374.267  215.254 575.07  262.94 550.509  356.795 365.744  303.747 
374.326  214.69 574.48  263.277 549.881  357.194 365.077  303.389 
375.652  213.924 575.432  261.774 550.386  356.261 365.743  302.846 
375.542  213.933 575.987  260.322 550.878  356.216 364.833  302.958 
375.369  214.535 576.864  259.864 551.452  356.123 365.018  303.149 
374.369  214.805 576.939  259.413 551.248  356.079 365.687  303.73 
374.177  214.06 575.974  259.026 550.804  355.737 365.138  303.45 
375.034  213.39 574.915  258.739 549.849  355.87 365.067  302.956 
375.235  213.383 575.255  258.563 549.71  355.499 364.934  302.721 
375.105  213.748 576.413  258.433 549.617  355.355 365.59  302.52 
375.716  213.658 576.356  258.246 549.975  355.126 366.721  302.492 
374.475  213.232 574.884  258.09 548.835  354.803 365.242  302.39 
374.08  213.762 574.325  259.648 548.036  356.055 364.492  302.539 
374.88  213.505 574.592  259.426 549.405  354.869 365.946  301.985 
374.339  213.736 574.46  260.04 548.776  355.346 365.199  302.192 
375.026  213.56 575.055  259.518 549.268  355.138 366.046  301.725 
374.865  212.893 574.688  258.636 549.585  354.489 365.893  301.432 
374.533  213.136 575.699  259.072 549.89  354.865 366.006  301.492 
375.023  213.551 575.271  259.075 549.651  355.159 365.425  301.924 
375.117  213.635 575.879  259.474 550.219  355.753 365.302  302.192 
374.561  212.494 575.46  259.209 549.351  354.948 364.529  301.488 
375.138  212.524 575.322  258.177 549.613  354.563 364.619  302.146 
375.379  212.712 576.214  258.614 549.514  354.865 365.297  301.678 
375.458  212.38 576.06  258.545 549.805  355.077 364.836  301.486 
376.572  212.989 576.369  258.621 549.868  355.552 364.034  302.209 
375.892  212.44 576.237  258.545 549.827  354.865 364.53  301.811 
376.063  211.828 576.005  258.217 549.062  354.16 365.57  301.979 
376.313  211.584 575.718  258.328 549.172  354.495 366.243  301.623 
377.948  211.127 576.674  258.437 550.805  355.266 367.111  300.887 
377.722  210.73 576.112  258.138 549.973  355.121 366.308  300.131 
379.474  211.597 576.56  258.641 551.513  355.312 366.772  300.596 
377.773  211.477 575.908  258.755 550.762  354.853 365.802  300.332 
377.71  210.763 574.885  258.968 550.734  353.909 365.969  300.05 
376.564  210.346 574.231  259.606 549.858  353.893 365.54  300.09 
377.334  210.189 574.279  259.72 549.665  354.229 366.584  299.906 
378.131  210.981 574.578  259.749 549.836  355.297 366.523  300.849 
377.796  209.77 576.109  258.708 550.218  354.582 366.636  300.244 
376.889  208.761 574.891  259.025 549.106  354.973 366.176  300.53 
376.724  207.67 574.672  258.9 548.322  354.149 366.119  300.091 
376.448  207.555 575.341  259.21 548.664  354.77 366.163  299.63 
376.064  208.198 575.266  259.775 548.276  355.036 366.093  300.911 
375.877  208.116 574.749  259.444 547.681  354.678 365.998  300.324 
375.147  209.363 574.519  259.74 547.531  355.256 365.838  301.664 
375.804  209.196 575.059  258.917 548.265  354.799 366.43  300.819 
376.516  210.194 574.683  259.914 547.846  355.123 366.293  301.602 
376.567  209.963 574.844  259.685 548.53  355.142 366.717  301.345 
376.162  209.74 574.833  259.128 548.922  354.322 366.736  300.688 
376.12  210.593 575.153  259.476 549.522  355.277 366.962  301.056 
376.478  210.065 575.4  259.712 548.718  355.313 366.356  300.951 
376.522  210.127 575.221  259.005 548.362  355.066 366.434  301.289 
377.47  210.108 575.88  259.272 549.58  356.031 367.79  301.037 
376.946  209.785 575.408  258.808 548.767  354.969 368.034  300.328 
376.309  210.58 574.898  259.638 549.479  355.335 367.939  300.664 
375.466  211.381 574.672  259.644 549.449  354.47 368.079  300.692 
374.892  211.572 574.646  258.754 549.7  352.912 368.055  300.396 
375.003  211.493 573.899  259.374 548.884  353.024 367.317  300.088 
374.994  211.588 573.98  258.995 548.308  353.357 367.472  299.202 
375.614  211.504 573.516  258.638 548.558  354.132 366.785  299.943 
374.902  211.109 573.438  258.488 548.274  353.516 366.242  299.565 
375.926  211.417 574.101  258.243 549.443  354.64 366.59  300.871 
375.204  210.52 572.754  258.04 548.166  355.214 364.746  300.561 
376.1  211.026 574.784  258.114 548.675  354.884 365.608  300.724 
375.622  210.902 574.849  258.378 548.468  354.412 365.136  300.472 
375.518  211.819 574.284  258.1 547.689  354.473 365.385  301.1 
375.378  212.761 573.952  257.755 548.503  354.613 365.529  302.071 
374.274  211.932 573.754  257.819 547.916  353.839 365.578  301.648 
374.125  212.289 574.057  257.926 548.992  353.901 365.654  301.78 
374.382  212.133 573.8  258.322 549.276  354.754 365.502  301.484 
374.397  211.952 574.244  258.284 549.154  354.839 365.243  301.85 
373.723  212.045 573.615  258.345 548.473  353.925 365.15  302.317 
374.529  211.662 574.01  258.273 549.056  354.426 366.277  301.487 
374.314  211.739 573.782  258.526 547.677  353.764 366.229  301.414 
375.579  211.82 574.374  258.178 548.067  353.633 366.421  301.174 
375.967  211.471 575.315  258.434 548.811  353.581 366.377  300.551 
376.12  211.848 575.411  258.142 549.497  353.718 366.685  300.977 
376.334  212.567 576.451  258.936 550.399  354.79 367.627  301.623 
376.593  211.909 576.374  258.472 550.589  354.844 367.562  300.902 
376.117  211.733 575.314  259.218 550.076  355.25 366.868  300.909 
375.522  211.102 575.105  259.483 550.101  355.066 367.679  300.34 
375.659  211.932 575.71  259.623 551.212  355.544 368.197  301.025 
375.931  211.938 575.884  258.843 551.237  354.803 368.331  301.149 
376.248  211.146 575.769  258.75 550.523  354.247 368.37  300.592 
376.385  212.636 575.326  259.913 550.739  355.743 368.308  301.829 
375.853  211.92 574.541  260.083 548.693  355.285 367.596  300.731 
376.216  212.009 575.868  259.925 549.029  355.431 368.161  301.152 
375.735  210.81 575.409  259.644 548.369  355.42 368.318  300.663 
375.574  211.579 574.994  260.342 548.56  355.899 368.752  301.461 
375.288  212.041 574.583  260.073 548.375  355.703 367.745  301.273 
374.787  211.944 573.431  260.355 547.337  355.824 367.45  301.061 
375.923  212.347 574.633  259.772 548.439  356.398 369.432  300.828 
374.844  212.298 573.095  259.962 547.63  356.683 368.647  301.445 
374.405  212.345 572.54  259.405 547.682  355.605 368.708  301.487 
373.014  212.115 571.11  257.903 547.682  354.5 368.084  301.543 
372.735  212.09 571.327  256.622 548.867  353.837 367.45  301.953 
371.084  212.938 569.604  255.365 548.469  353.363 366.201  302.953 
370.922  212.672 569.376  253.01 548.695  352.605 366.111  302.87 
370.601  212.739 568.65  252.016 548.53  351.297 365.696  302.655 
371.429  212.119 569.554  251.235 550.074  350.51 366.545  302.58 
370.609  211.887 568.512  249.658 549.683  349.594 365.555  303.129 
369.872  211.859 567.9  248.19 548.68  348.826 365.26  303.435 
370.697  212.391 568.49  246.308 549.817  348.296 366.315  303.867 
369.216  211.95 568.373  244.911 549.88  346.54 365.389  303.839 
368.707  211.315 568.102  242.907 550.199  345.297 365.409  303.806 
368.308  211.232 567.605  240.731 550.173  344.042 364.845  304.087 
370.112  211.196 568.342  238.922 551.188  342.747 365.331  304.257 
370.264  211.106 567.366  237.504 550.758  341.07 364.314  304.408 
371.065  211.047 569.099  234.791 551.955  338.669 364.523  304.282 
371.488  210.306 568.818  232.364 553.006  335.623 364.068  304.286 
370.49  210.461 567.266  230.873 552.29  334.909 362.446  306.781 
371.141  211.556 567.097  229.1 553.28  332.918 362.726  307.297 
371.502  212.354 566.748  228.26 551.818  331.199 361.69  307.843 
369.213  213.082 565.995  228.252 551.434  329.52 359.96  309.26 
368.909  213.548 565.343  227.71 551.855  328.23 359.121  310.537 
365.977  214.376 562.107  226.902 549.789  327.292 357.612  311.53 
365.459  214.815 562.221  226.352 550.024  326.667 357.981  312.192 
362.842  216.004 560.799  226.383 549.011  326.607 356.636  313.559 
362.546  216.412 559.843  225.855 548.727  325.477 356.531  313.471 
362.701  217.662 559.2  225.827 548.518  326.042 356.977  315.048 
361.03  218.007 558.549  224.95 548.816  324.757 356.144  315.647 
360.514  219.073 557.547  223.678 548.359  323.693 355.579  317.511 
363.05  219.75 557.552  223.287 550.629  324.894 356.581  317.869 
360.067  221.323 555.613  224.078 548.196  325.324 353.872  320.524 
358.182  223.255 554.327  225.108 547.287  326.677 353.554  322.339 
357.264  223.898 553.711  226.146 546.819  327.34 353.092  323.433 
355.727  223.83 553.523  225.959 546.64  327.386 354.563  323.218 
355.58  225.07 552.903  226.669 546.986  328.23 354.462  325.152 
356.188  226.686 553.676  226.371 548.475  328.632 355.78  326.298 
356.02  227.803 553.667  226.195 548.533  328.353 356.25  327.185 
356.571  228.58 554.565  226.196 549.885  327.676 356.43  328.133 
356.816  229.749 556.119  225.702 551.347  327.23 357.97  329.502 
355.646  230.256 554.984  226.335 550.94  327.69 357.707  330.86 
356.317  232.702 554.205  226.482 552.001  328.287 357.883  333.38 
357.286  233.441 553.874  226.468 552.972  328.024 358.182  334.34 
356.608  235.749 552.765  226.528 552.408  328.631 358.612  335.814 
357.301  236.801 553.005  226.412 553.011  328.365 358.802  336.557 
357.852  237.98 553.494  226.12 554.374  328.733 359.425  337.642 
357.265  238.736 552.832  226.267 554.008  328.907 358.337  339.074 
356.581  239.668 553.524  226.565 554.119  329.509 357.772  340.546 
355.104  239.336 553.805  227.276 554.237  329.855 357.435  341.312 
354.084  239.896 553.689  227.733 554.733  330.391 357.721  342.697 
352.942  241.429 552.672  228.803 554.283  330.86 357.416  344.382 
351.676  241.743 552.937  228.212 553.983  330.598 356.895  344.576 
350.86  242.845 552.42  229.125 553.081  332.118 355.831  345.352 
350.47  243.512 551.367  230.208 552.343  333.999 354.726  345.446 
349.469  244.319 550.704  232.246 551.018  336.447 352.483  345.959 
349.107  245.011 551.245  232.978 550.233  337.053 351.494  345.68 
349.845  246.196 551.974  234.125 550.119  339.361 351.975  346.371 
348.879  245.448 551.608  234.827 548.781  340.494 351.159  346.517 
349.799  245.223 552.34  235.221 549.618  340.097 351.316  346.242 
350.744  244.44 552.839  235.035 550  339.724 351.53  346.348 
352.412  244.024 553.829  235.156 551.268  339.885 352.788  346.633 
352.023  243.995 553.465  234.925 550.895  339.218 352.98  346.883 
351.8  243.84 553.633  234.429 551.609  338.393 353.844  347.843 
353.237  244.829 554.765  233.605 553.502  337.853 355.467  349.1 
352.76  246.837 554.17  233.782 553.777  338.158 356.082  351.559 
353.72  247.646 555.24  233.873 556.301  337.726 358.224  351.966 
354.634  248.832 555.96  233.445 557.978  337.044 358.95  354.03 
354.087  249.886 555.727  234.276 558.545  337.351 358.761  355.608 
353.137  249.837 556.054  234.35 558.555  337.744 359.455  356.227 
353.068  249.386 556.188  234.56 558.3  338.235 359.521  356.504 
351.197  249.028 556.344  234.148 557.465  337.768 359.245  356.706 
350.721  248.804 557.056  234.493 557.84  337.754 359.928  356.686 
349.905  248.376 555.805  234.834 557.199  338.403 358.286  357.781 
349.108  248.889 555.015  235.984 556.286  339.447 358.24  359.292 
348.455  250.229 554.706  236.356 556.67  340.274 357.393  360.12 
349.325  250.865 555.263  236.324 557.444  340.13 359.031  361.312 
349.072  251.158 555.304  235.544 558.221  339.889 359.179  361.241 
348.637  250.474 555.951  234.658 558.833  338.661 359.853  360.311 
348.075  249.229 555.178  233.954 558.077  338.208 359.505  359.186 
348.642  248.64 555.768  232.774 558.735  337.414 360.492  357.889 
348.078  247.753 555.75  232.88 558.755  337.215 359.609  357.072 
349.698  247.7 556.663  233.105 559.05  338.336 359.262  356.808 
350.917  247.618 558.137  233.648 559.416  338.064 360.707  356.088 
350.602  248.316 558.976  234.804 560.041  338.329 360.724  356.807 
352.952  248.259 560.119  234.593 561.987  338.753 362.422  356.918 
352.926  249.442 561.103  236.08 562.397  339.647 362.534  358.694 
354.012  251.329 561.719  237.572 562.932  341.32 362.101  360.476 
351.994  253.207 560.82  238.96 561.617  343.121 361.384  362.339 
353.353  255.84 560.789  240.533 562.382  344.523 361.338  364.135 
355.084  256.529 561.841  240.095 562.751  344.505 362.328  364.189 
355.538  257.99 560.671  241.639 562.262  345.598 362.487  364.992 
355.149  257.723 560.88  241.402 562.254  345.463 362.912  364.003 
355.829  257.294 561.055  241.467 563.046  345.669 363.096  363.821 
357.177  257.271 562.194  241.174 564.37  345.479 363.348  364.539 
356.433  257.124 561.922  240.6 564.333  345.369 363.213  364.974 
356.295  257.537 562.645  239.607 565.217  345.098 365.117  365.529 
355.526  257.266 562.382  239.152 566.183  344.255 365.694  365.288 
355.724  258.25 562.6  239.104 567.248  343.457 367.17  365.798 
356.33  259.524 562.35  238.678 568.851  343.155 368.661  367.096 
356.212  261.018 561.622  239.028 568.253  343.419 369.001  367.275 
356.657  261.83 562.207  239.106 568.955  343.556 369.538  367.74 
356.978  262.882 562.721  239.707 569.472  344.007 370.2  368.6 
356.551  264.736 562.165  240.661 569.085  345.42 369.353  370.453 
355.162  266.088 560.825  241.484 567.155  346.467 367.335  371.404 
353.877  266.43 559.29  242.516 564.717  346.738 364.865  370.377 
353.353  266.046 559.18  244.311 564.204  348.078 362.901  369.775 
352.202  266.368 559.186  246.58 562.932  350.757 360.671  369.988 
351.558  266.206 558.369  247.497 561.657  352.451 358.918  369.556 
352.036  266.185 559.412  248.76 561.963  354.369 358.082  369.096 
351.707  266.085 559.383  249.411 561.672  355.664 356.99  368.449 
352.546  265.885 560.24  248.458 562.605  356.405 356.98  367.765 
351.546  265.856 558.297  249.492 560.835  356.637 355.202  368.062 
351.421  265.503 558.689  248.842 561.015  356.229 355.922  367.421 
350.902  263.154 557.977  246.093 560.354  353.805 355.408  366.067 
349.734  262.75 557.653  245.03 560.205  352.928 354.52  366.478 
350.902  261.537 557.735  243.895 559.884  351.906 355.706  365.314 
351.872  260.996 557.054  243.507 560.486  351.38 355.804  365.526 
353.422  261.446 559.566  243.612 561.165  351.79 357.204  365.617 
354.701  262.019 560.719  245.501 561.794  353.212 358.32  365.971 
355.027  262.736 561.224  246.377 561.84  354.016 358.883  365.794 
356.605  261.738 562.593  244.444 563.572  352.232 360.397  364.529 
356.627  262.859 562.09  245.727 564.112  353.143 359.915  365.704 
357.641  261.082 563.231  244.63 565.158  351.435 361.159  364.625 
357.371  260.823 562.888  244.827 565.807  351.46 360.586  365.334 
358.214  259.63 562.75  244.824 566.257  351.39 360.772  365.088 
357.099  259.139 561.948  244.577 564.348  349.764 360.186  364.73 
357.651  260.106 561.513  244.447 564.699  349.956 360.356  365.079 
357.173  261.057 560.957  244.435 563.488  350.059 360.661  364.68 
356.975  259.92 561.701  243.228 563.221  348.225 360.955  363.602 
357.039  258.748 561.205  242.43 562.709  347.811 360.996  363.234 
357.035  257.464 560.607  242.206 562.251  347.979 360.614  362.007 
356.775  257.361 561.275  241.974 562.695  347.388 360.665  361.957 
357.037  256.249 561.548  242.084 563.248  347.538 361.047  362.143 
356.437  255.701 560.942  241.93 561.547  347.283 360.566  361.454 
356.182  254.943 560.961  241.052 561.495  346.2 361.3  360.806 
355.907  255.379 560.751  241.172 561.979  346.049 361.673  361.076 
355.359  254.584 561.478  240.454 561.324  344.923 361.647  360.272 
355.062  256.447 561.245  241.123 561.63  345.428 361.998  362.038 
354.939  256.537 561.562  240.905 561.184  345.615 361.999  361.977 
354.787  256.738 561.38  240.834 561.624  345.764 361.117  362.312 
354.496  256.217 560.957  240.523 561.294  344.587 361.443  361.755 
353.218  255.743 559.502  240.107 560.748  344.3 360.526  361.221 
352.305  254.757 557.918  239.806 559.063  343.663 358.607  360.787 
352.786  253.713 558.008  238.49 559.343  342.405 359.381  359.778 
352.204  253.202 557.018  237.977 559.877  342.024 358.142  359.599 
350.541  251.507 555.684  236.728 558.604  340.681 357.462  358.781 
350.372  251.011 554.764  235.729 558.761  339.979 357  358.333 
350.151  251.74 554.732  234.694 558.142  338.441 357.515  357.548 
348.876  250.478 553.193  233.53 557.083  337.043 355.957  357.211 
349.034  249.907 553.158  231.922 556.982  335.416 356.116  356.695 
348.224  249.326 551.603  231.19 556.204  334.084 354.729  356.301 
346.941  247.689 551.23  230.43 554.875  332.612 354.922  354.899 
346.955  246.26 550.228  228.937 553.87  331.798 354.638  353.727 
346.689  245.285 549.836  227.807 553.165  329.921 355.152  352.952 
344.384  242.904 548.517  226.12 551.126  328.204 353.715  351.515 
343.614  241.473 547.014  225.211 551.097  326.492 353.013  350.355 
342.807  239.13 546.096  223.593 549.636  325.07 353.231  348.647 
343.703  238 546.158  222.688 548.912  324.215 353.818  347.464 
344.976  237.671 545.379  221.549 547.772  322.928 354.233  346.446 
344.763  236.668 544.917  221.544 546.668  322.912 353.779  345.152 
344.816  236.471 545.045  221.48 546.567  322.327 354.175  345.088 
346.721  237.114 545.039  221.961 546.281  322.309 355.349  344.357 
347.701  238.827 545.766  224.63 546.373  324.382 355.615  345.697 
349.479  242.278 546.54  227.942 546.805  327.12 356.554  347.671 
350.854  244.355 548  231.472 546.83  329.747 357.068  348.883 
352.584  247.669 549.504  235.423 547.726  334.342 357.301  351.923 
352.91  251.914 550.615  239.831 548.03  338.194 357.371  355.557 
353.998  255.86 552.546  244.058 549.851  341.793 358.206  358.623 
354.238  258.571 553.266  246.558 550.487  343.949 357.952  361.468 
353.996  261.079 553.333  248.513 550.788  345.785 357.716  363.24 
355.37  263.953 554.455  250.091 551.98  348.127 358.563  366.051 
356.331  265.44 555.259  252.037 552.437  349.733 359.156  367.792 
356.873  267.62 555.475  253.692 553.795  351.929 358.433  371.081 
357.308  269.292 555.983  255.562 554.296  353.09 358.893  373.055 
355.551  271.054 555.108  257.405 553.176  355.683 357.917  374.994 
355.071  272.258 556.147  258.37 554.759  357.263 359.786  376.605 
354.452  273.432 556.125  259.129 555.112  357.961 359.284  378.39 
355.134  274.238 557.829  259.63 556.945  358.658 360.667  379.111 
354.371  275.407 558.068  261.374 556.73  360.285 360.112  380.464 
354.231  278.418 558.39  263.361 557.567  361.882 360.662  382.866 
354.147  278.503 557.44  264.809 557.153  363.524 359.395  383.872 
354.151  279.948 558.586  265.202 558.065  364.48 360.054  385.148 
353.694  281.505 559.637  266.383 558.648  366.097 359.525  386.223 
354.669  282.377 559.516  267.29 559.134  367.575 359.91  387.962 
354.19  284.524 559.3  269.453 559.325  369.998 359.525  390.132 
354.989  285.86 560.864  270.27 561.024  371.39 359.411  391.764 
354.671  286.119 561.037  271.274 560.151  372.34 358.184  392.741 
355.379  287.439 562.048  271.462 562.389  373.995 359.447  393.874 
354.526  289.071 561.419  272.859 561.897  376.091 358.677  395.79 
355.381  289.797 561.83  273.369 563.025  377.03 359.973  396.801 
355.272  291.315 561.315  275.046 562.819  379.196 359.648  399.205 
355.132  292.814 561.507  276.432 562.929  380.694 360.284  400.991 
355.733  295.006 562.458  277.941 563.737  382.402 360.826  403.734 
354.889  298.588 562.99  281.172 564.327  385.548 360.989  406.925 
354.826  300.471 563.048  283.38 564.445  388.008 361.165  408.937 
354.234  302.818 563.202  285.918 563.423  390.04 360.953  410.738 
354.181  305.672 563.159  288.409 563.857  392.634 360.97  413.164 
354.727  309.006 564.26  291.376 565.472  396.354 361.839  415.971 
355.17  310.587 563.914  292.879 566.252  398.297 360.884  418.279 
356.259  313.536 564.694  294.997 567.353  400.572 362.446  421.419 
356.006  314.96 564.126  297.238 567.454  402.875 362.265  423.95 
356.704  316.869 564.222  299.801 568.786  405.575 362.422  426.755 
356.184  319.309 563.357  302.358 568.071  407.87 361.684  429.274 
357.359  321.646 565.664  305.009 569.305  410.286 362.978  431.385 
358.178  323.795 566.223  305.612 570.931  411.642 364.585  432.551 
357.75  326.104 566.046  308.289 570.514  414.063 363.974  435.227 
358.8  329.026 566.7  310.414 572.696  416.447 365.552  437.427 
358.778  331.457 566.702  312.775 572.404  418.077 365.152  439.859 
359.46  333.797 565.978  314.988 572.336  419.479 365.799  442.485 
360.342  336.229 567.039  317.166 573.686  421.981 366.344  444.548 
360.176  338.646 566.405  319.69 574.08  424.719 366.089  447.472 
360.574  341.144 567.438  322.02 575.611  426.991 366.187  449.884 
361.192  343.01 568.315  323.164 576.717  428.26 367.318  451.156 
361.318  345.501 567.932  325.248 576.557  430.773 366.95  453.963 
361.906  347.501 567.604  327.098 577.057  433.164 366.817  455.8 
360.763  347.713 566.814  328.71 576.02  433.946 365.297  457.204 
361.227  349.615 567.547  330.727 576.155  436.657 366.155  459.29 
361.323  351.087 568.24  331.13 577.075  438.271 366.546  459.945 
360.664  353.305 567.995  333.487 576.114  440.836 365.619  460.903 
361.89  354.3 568.653  335.561 577.334  442.436 365.743  462.329 
361.696  356.694 568.083  338.603 576.36  445.752 365.263  464.293 
361.79  358.052 568.009  342.121 575.897  448.523 364.624  465.736 
361.844  360.067 568.018  345.05 576.286  451.585 364.183  468.259 
362.346  361.45 567.692  348.52 575.528  453.726 364.187  469.228 
363.614  362.947 569.417  350.077 577.8  455.943 365.642  470.431 
363.218  363.655 569.094  351.655 576.794  458.141 365.31  471.544 
364.191  365.403 569.865  353.396 577.682  461.31 368.064  471.788 
364.363  366.894 569.726  356.084 577.506  463.779 367.157  473.851 
363.869  368.419 569.152  359.493 576.913  465.465 366.518  475.68 
365.032  370.17 569.684  360.753 577.784  467.638 367.82  478.328 
364.002  372.515 568.813  362.594 576.646  469.451 366.479  480.848 
364.059  374.439 568.583  364.695 575.411  470.985 366.428  482.931 
364.536  376.975 568.075  366.732 575.43  472.739 366.195  485.611 
364.972  380.039 567.92  369.332 576.3  475.145 366.32  488.204 
364.667  380.087 568.596  371.873 575.16  476.698 366.026  489.343 
364.446  383.863 567.163  374.539 576.13  479.098 366.481  492.577 
363.639  384.036 567.195  377.48 575.918  481.518 366.233  493.504 
363.201  385.086 566.822  379.023 575.03  482.587 367.024  494.443 
364.207  388.971 566.62  382.612 577.098  486.185 365.901  498.7 
362.211  388.787 566.369  383.529 576.037  485.622 365.672  498.805 
363.906  390.575 566.818  386.061 577.502  488.603 366.2  501.541 
364.901  391.634 566.208  387.408 578.209  489.581 366.093  501.88 
363.029  393.239 565.305  388.83 576.405  490.063 365.831  502.774 
363.553  394.49 564.518  390.061 576.177  491.14 366.984  502.711 
362.057  396.88 564.461  392.034 575.888  491.391 366.774  504.19 
363.133  398.08 563.861  392.433 575.753  491.392 367.158  505.522 
364.7  398.745 563.522  392.453 576.509  492.486 370.367  505.064 
363.759  399.572 562.493  393.964 575.027  492.955 369.629  506.066 
361.995  400.043 562.566  396.617 574.552  494.147 367.901  507.962 
360.992  401.93 562.193  397.873 575.084  494.756 369.475  508.09 
361.908  403.289 562.622  399.011 575.55  495.525 369.737  508.833 
362.225  405.773 562.704  401.656 576.025  497.662 370.176  510.442 
363.481  407.766 563.891  403.312 577.612  498.783 371.018  511.187 
365.366  410.365 564.85  405.177 577.462  499.654 373.295  510.973 
367.374  413.042 565.442  407.038 578.219  500.796 374.047  512.735 
366.495  414.444 564.944  409.494 577.014  501.578 374.028  512.164 
365.965  416.732 563.392  411.694 576.058  501.961 374.061  512.259 
366.21  417.94 564.457  414.365 577.486  502.494 375.487  512.07 
365.049  419.141 562.23  416.691 575.641  503.614 373.872  512.553 
365.218  420.487 561.312  419.472 576.084  504.724 372.588  512.886 
368.054  421.225 562.197  421.004 576.884  505.712 373.662  513.258 
367.601  424.856 561  423.487 575.294  507.478 373.245  515.966 
370.156  426.197 560.295  426.286 575.902  509.411 372.448  517.248 
371.584  429.003 560.238  429.541 577.059  511.649 370.46  519.684 
373.051  434.204 559.785  433.295 579.397  514.636 370.38  522.704 
373.148  436.501 558.709  435.396 579.454  515.474 370.284  523.448 
372.269  439.732 557.18  436.989 577.716  515.684 369.688  525.348 
370.883  440.503 557.669  438.58 578.199  516.535 369.993  524.729 
372.464  444.144 557.108  441.251 579.529  517.455 369.723  525.345 
372.862  446.053 556.433  442.963 580.023  518.233 368.102  526.624 
371.412  447.561 555.881  444.833 578.97  518.142 367.119  527.799 
371.219  449.319 555.294  445.573 577.744  518.387 368.053  528.534 
370.712  450.785 554.851  446.361 576.028  518.475 368.561  530.492 
372.527  453.419 554.585  448.591 576.967  519.005 368.878  530.827 
373.559  456.748 553.813  451.349 577.816  520.33 367.598  531.484 
372.873  458.826 554.38  453.81 577.928  521.992 368.435  532.671 
371.426  461.264 553.735  455.999 577.325  521.778 367.975  533.278 
371.566  464.519 554.239  458.355 578.333  522.289 368.298  534.536 
371.067  467.715 553.585  459.655 577.866  522.32 368.797  535.643 
372.113  470.131 554.339  460.571 579.254  522.343 370.586  536.108 
371.519  473.729 553.79  462.178 579.481  521.904 370.676  537.305 
370.699  476.105 553.87  463.364 579.274  520.737 371.348  537.467 
370.924  479.723 554.21  466.403 579.229  521.169 371.879  538.204 
371.324  483.232 553.456  469.705 580.54  521.53 371.663  538.617 
371.18  486.078 553.315  473.636 579.529  521.31 371.141  537.55 
370.793  487.926 553.485  475.721 579.323  521.485 371.309  536.826 
371.297  489.163 553.356  476.98 580.466  521.654 371.438  536.611 
371.548  490.184 553.187  477.68 580.391  521.284 371.282  536.499 
370.897  490.826 553.037  478.318 579.879  520.639 371.442  536.232 
371.746  491.957 553.389  479.067 579.916  520.593 371.495  536.696 
370.688  492.55 552.812  479.687 578.872  520.322 370.592  536.557 
371.478  492.829 552.954  479.926 579.596  519.971 370.969  536.043 
371.709  493.36 553.194  480.318 579.647  519.926 372.043  535.959 
370.884  493.922 552.609  480.866 579.105  520.07 371.504  536.459 
371.71  494.484 553.148  481.015 580.076  520.278 372.103  536.764 
371.682  494.584 553.269  480.96 580.127  519.815 372.232  536.346 
371.756  495.181 553.59  480.886 580.608  519.675 372.607  536.724 
371.206  495.374 553.458  480.978 580.266  519.545 371.734  536.967 
371.308  495.62 553.042  481.324 579.816  519.709 371.217  537.066 
371.359  495.449 553.235  481.132 579.873  519.497 371.83  536.779 
371.765  495.88 552.891  481.252 580.022  519.524 372.405  536.967 
371.71  495.666 553.031  481.187 579.65  519.471 372.266  536.773 
371.94  495.828 553.425  481.153 579.669  519.446 372.54  536.736 
372.181  495.8 553.38  481.04 579.552  519.386 372.484  536.842 
372.113  496.294 553.622  481.434 579.552  519.729 372.443  537.255 
371.791  496.148 553.423  481.309 579.182  519.456 372.306  537.046 
371.582  496.296 553.342  481.328 579.042  519.546 372.185  537.272 
371.815  496.542 553.487  481.328 578.998  519.616 372.377  537.551 
371.971  496.24 553.428  481.328 579.013  519.878 372.578  537.348 
371.671  496.233 553.67  481.186 578.775  519.76 372.902  537.404 
372.166  496.545 553.879  481.335 578.711  519.758 373.553  537.433 
371.341  496.485 552.92  481.332 577.637  519.714 372.639  537.5 
371.646  496.282 553.154  481.141 577.845  519.703 373.11  537.509 
371.743  497.037 553.212  481.46 577.918  519.652 373.063  537.899 
372.217  497.083 552.956  481.46 578.405  519.506 373.022  537.753 
372.483  497.22 553.341  481.499 578.643  519.385 372.932  537.851 
372.029  497.15 553.237  481.409 578.64  519.25 372.742  537.9 
372.319  497.407 553.316  481.488 579.06  519.284 372.457  538.03 
372.157  497.52 553.464  481.362 579.137  519.126 372.641  538.177 
371.382  498.176 552.986  481.725 578.779  519.427 371.675  538.809 
371.899  497.704 553.082  481.413 578.987  519.047 371.814  538.165 
371.988  498.265 553.64  481.887 579.125  519.362 372.168  538.575 
371.892  498.376 553.516  481.735 579.13  519.201 372.295  538.671 
371.62  498.289 553.375  481.567 579.037  518.994 371.886  538.609 
371.59  498.558 553.285  481.411 579.118  518.892 371.952  539.081 
371.876  498.517 553.33  481.308 579.348  518.744 372.523  538.863 
372.214  498.316 553.302  481.437 579.504  518.643 372.428  538.619 
371.726  498.536 552.801  481.531 579.004  518.78 372.356  538.648 
371.573  498.491 552.79  481.8 579.113  518.845 372.172  538.558 
372.024  498.219 553.39  481.457 579.688  518.637 372.86  538.406 
371.473  498.385 553.082  481.785 579.181  518.863 372.548  538.391 
371.477  498.405 553.11  481.576 579.006  518.769 372.672  538.375 
371.637  498.301 553.118  481.708 579.118  518.855 372.567  538.279 
372.09  498.167 553.204  481.403 579.201  518.693 373.042  538.064 
371.863  498.616 553.555  481.575 578.939  519.001 373.244  538.588 
371.677  498.364 553.356  481.558 578.499  518.822 372.534  538.4 
371.79  497.982 553.374  481.379 579.072  518.571 372.517  538.24 
371.747  498.564 552.993  481.943 578.898  519.068 372.566  538.634 
371.748  498.546 553.174  481.663 578.995  518.727 372.739  538.571 
371.441  498.074 553.013  481.425 578.835  518.694 372.712  538.302 
371.483  498.024 552.909  481.576 578.572  518.793 372.613  538.196 
371.536  498.444 553.024  481.791 578.587  519.078 372.622  538.656 
372.147  498.134 553.298  481.68 578.983  518.994 372.798  538.418 
372.029  498.049 553.067  481.499 578.992  518.933 372.286  538.431 
372.037  498.086 553.204  481.491 578.897  518.915 372.643  538.383 
372.142  498.26 553.251  481.666 579.091  519.021 372.853  538.399 
372.288  498.092 553.383  481.474 579.156  518.84 373.071  538.185 
372.263  498.001 553.399  481.471 578.959  518.991 373.348  538.401 
371.629  497.993 552.982  481.54 578.861  518.973 372.586  538.432 
371.952  498.29 553.161  481.71 578.955  519.005 372.804  538.574 
371.84  498.073 553.293  481.448 578.928  518.652 372.926  538.093 
371.72  498.568 553.229  481.692 578.816  518.886 372.69  538.607 
371.795  498.196 553.571  481.492 579.094  518.687 372.987  538.315 
371.239  498.245 553.012  481.666 578.992  518.715 372.452  538.184 
371.703  498.17 553.531  481.783 579.428  518.974 372.909  538.111 
371.642  497.787 553.494  481.408 579.456  518.826 372.783  538.11 
371.743  498.067 553.363  481.756 579.221  519.018 372.689  538.304 
371.954  497.87 553.29  481.565 579.347  518.888 372.902  538.075 
371.851  498.008 553.208  481.593 579.272  518.954 372.857  538.077 
371.855  497.686 553.294  481.444 579.279  518.819 372.724  538.06 
371.801  497.939 553.229  481.624 579.065  519.066 372.92  538.046 
371.733  498.098 553.215  481.611 578.977  518.963 373.074  538.06 
371.601  498.137 552.837  481.679 579.065  518.956 372.63  538.142 
371.878  498.249 553.302  481.569 579.332  518.999 373.092  538.386 
371.623  498.026 553.174  481.423 578.924  518.913 372.637  538.235 
