frame	ulx	uly	urx	ury	lrx	lry	llx	lly
frame00001.jpg	354.00	501.00	536.00	485.00	560.00	521.00	355.00	540.00
frame00002.jpg	353.99	500.97	536.03	485.12	559.99	521.04	354.92	539.91
frame00003.jpg	354.00	500.97	536.03	485.12	560.00	521.04	354.92	539.91
frame00004.jpg	353.98	500.96	536.03	485.12	559.99	521.04	354.91	539.92
frame00005.jpg	354.01	500.97	536.05	485.11	560.02	521.04	354.97	539.90
frame00006.jpg	353.99	500.97	536.04	485.12	559.97	521.04	354.96	539.90
frame00007.jpg	353.98	500.96	536.04	485.11	559.98	521.04	354.93	539.91
frame00008.jpg	353.99	500.96	536.03	485.12	559.99	521.04	354.92	539.92
frame00009.jpg	354.01	500.95	536.04	485.11	560.00	521.05	354.93	539.91
frame00010.jpg	354.02	500.96	536.05	485.11	559.99	521.04	354.95	539.90
frame00011.jpg	354.01	500.97	536.04	485.12	560.01	521.04	354.94	539.90
frame00012.jpg	353.96	500.95	536.03	485.12	559.98	521.05	354.94	539.90
frame00013.jpg	354.02	500.97	536.05	485.11	560.00	521.04	355.00	539.89
frame00014.jpg	354.02	500.97	536.05	485.11	560.02	521.04	354.96	539.90
frame00015.jpg	353.98	500.96	536.05	485.11	559.97	521.05	354.96	539.91
frame00016.jpg	353.98	500.97	536.04	485.12	559.98	521.04	354.91	539.92
frame00017.jpg	353.98	500.97	536.04	485.11	560.01	521.04	354.93	539.91
frame00018.jpg	354.01	500.97	536.05	485.11	560.02	521.05	354.93	539.91
frame00019.jpg	353.99	500.97	536.05	485.12	559.99	521.04	354.95	539.91
frame00020.jpg	354.01	500.96	536.05	485.11	560.00	521.05	354.94	539.91
frame00021.jpg	353.99	500.96	536.04	485.11	559.97	521.04	354.93	539.92
frame00022.jpg	353.99	500.96	536.02	485.13	559.99	521.04	354.93	539.90
frame00023.jpg	354.01	500.96	536.05	485.11	560.00	521.04	354.95	539.90
frame00024.jpg	354.00	500.95	536.04	485.11	559.99	521.05	354.94	539.90
frame00025.jpg	353.98	500.96	536.05	485.11	559.96	521.04	354.95	539.90
frame00026.jpg	354.03	500.96	536.06	485.11	559.99	521.04	354.95	539.90
frame00027.jpg	354.02	500.96	536.06	485.11	559.98	521.04	354.91	539.90
frame00028.jpg	354.00	500.96	536.05	485.12	560.00	521.03	354.93	539.90
frame00029.jpg	354.01	500.96	536.03	485.12	560.03	521.04	354.93	539.90
frame00030.jpg	354.01	500.94	536.04	485.11	559.96	521.04	354.95	539.90
frame00031.jpg	354.00	500.96	536.06	485.11	560.00	521.05	354.96	539.89
frame00032.jpg	354.03	500.96	536.04	485.12	560.01	521.05	354.90	539.90
frame00033.jpg	354.00	500.95	536.06	485.11	559.97	521.04	354.93	539.89
frame00034.jpg	354.01	500.95	536.06	485.12	559.98	521.05	354.94	539.89
frame00035.jpg	353.99	500.95	536.05	485.12	559.98	521.03	354.92	539.89
frame00036.jpg	354.01	500.95	536.06	485.11	559.99	521.04	354.91	539.90
frame00037.jpg	353.99	500.95	536.06	485.11	559.97	521.04	354.93	539.89
frame00038.jpg	353.99	500.96	536.05	485.11	559.98	521.04	354.94	539.90
frame00039.jpg	354.03	500.94	536.05	485.11	559.99	521.05	354.94	539.89
frame00040.jpg	354.03	500.95	536.04	485.12	560.01	521.04	354.90	539.90
frame00041.jpg	354.00	500.95	536.04	485.12	560.00	521.04	354.89	539.90
frame00042.jpg	354.03	500.95	536.04	485.11	560.02	521.04	354.90	539.90
frame00043.jpg	354.01	500.95	536.05	485.11	559.98	521.03	354.92	539.89
frame00044.jpg	354.01	500.95	536.04	485.13	559.99	521.05	354.94	539.89
frame00045.jpg	354.01	500.96	536.04	485.12	559.99	521.04	354.92	539.89
frame00046.jpg	354.01	500.96	536.05	485.13	560.02	521.04	354.89	539.89
frame00047.jpg	354.01	500.95	536.06	485.13	559.98	521.04	354.89	539.90
frame00048.jpg	353.99	500.95	536.03	485.12	559.97	521.04	354.95	539.90
frame00049.jpg	354.06	500.97	536.02	485.10	560.06	521.04	354.93	539.92
frame00050.jpg	354.03	500.97	536.03	485.04	560.05	521.01	354.92	539.98
frame00051.jpg	354.04	500.97	536.01	485.01	560.07	521.00	354.91	539.99
frame00052.jpg	354.06	500.97	536.00	485.01	560.10	521.00	354.92	539.99
frame00053.jpg	354.05	500.98	536.01	485.00	560.08	520.99	354.94	539.99
frame00054.jpg	354.06	500.98	536.01	485.00	560.06	520.99	354.93	540.00
frame00055.jpg	354.06	500.98	536.00	484.99	560.11	520.99	354.94	540.00
frame00056.jpg	354.05	501.00	535.97	484.96	560.12	520.99	354.94	540.05
frame00057.jpg	354.04	500.98	535.96	484.94	560.08	520.99	354.94	540.07
frame00058.jpg	354.06	500.99	535.96	484.94	560.16	520.99	354.95	540.05
frame00059.jpg	354.04	501.01	535.97	484.97	560.12	520.97	354.93	540.04
frame00060.jpg	354.03	501.02	535.96	485.00	560.12	520.97	354.93	540.02
frame00061.jpg	354.02	501.01	535.96	485.00	560.05	520.97	354.92	540.04
frame00062.jpg	354.03	501.02	535.95	484.99	560.09	520.98	354.92	540.05
frame00063.jpg	354.02	501.01	535.95	484.96	560.08	520.98	355.00	540.05
frame00064.jpg	354.03	501.01	535.95	484.97	560.08	520.98	354.97	540.05
frame00065.jpg	354.03	501.01	535.96	484.96	560.10	520.98	354.95	540.05
frame00066.jpg	354.04	501.01	535.94	484.95	560.12	520.98	354.95	540.07
frame00067.jpg	354.06	501.00	535.97	484.92	560.12	520.98	355.00	540.07
frame00068.jpg	354.05	501.01	535.98	484.93	560.15	520.98	354.98	540.07
frame00069.jpg	354.07	501.01	535.97	484.94	560.15	520.98	355.01	540.05
frame00070.jpg	354.08	501.01	535.96	484.94	560.11	520.98	355.02	540.05
frame00071.jpg	354.09	501.02	535.97	484.93	560.15	520.97	355.00	540.06
frame00072.jpg	354.03	501.01	535.96	484.93	560.15	520.97	355.03	540.06
frame00073.jpg	354.05	501.01	535.97	484.93	560.11	520.97	355.02	540.05
frame00074.jpg	354.03	501.00	535.98	484.92	560.10	520.97	355.04	540.06
frame00075.jpg	354.03	501.01	535.98	484.92	560.10	520.97	355.02	540.06
frame00076.jpg	354.05	501.02	535.97	484.92	560.11	520.97	355.01	540.07
frame00077.jpg	354.07	501.02	535.96	484.93	560.17	520.97	354.99	540.06
frame00078.jpg	354.03	501.02	535.98	484.93	560.11	520.96	355.03	540.07
frame00079.jpg	354.07	501.01	535.95	484.92	560.13	520.98	355.00	540.07
frame00080.jpg	354.08	501.01	535.96	484.90	560.16	520.97	355.03	540.08
frame00081.jpg	354.08	501.00	535.99	484.86	560.17	520.98	355.05	540.08
frame00082.jpg	354.07	501.00	535.97	484.88	560.15	520.97	355.04	540.08
frame00083.jpg	354.08	501.00	535.97	484.87	560.15	520.97	355.04	540.09
frame00084.jpg	354.04	500.99	535.97	484.86	560.11	520.97	355.03	540.11
frame00085.jpg	354.06	501.00	535.95	484.87	560.17	520.97	355.01	540.10
frame00086.jpg	354.07	500.99	535.94	484.86	560.18	520.97	355.05	540.10
frame00087.jpg	354.07	500.99	535.94	484.86	560.20	520.97	355.02	540.11
frame00088.jpg	354.07	500.98	535.95	484.87	560.17	520.98	355.06	540.09
frame00089.jpg	354.08	500.99	535.96	484.88	560.20	520.98	355.05	540.09
frame00090.jpg	354.05	500.99	535.95	484.86	560.15	520.98	355.08	540.10
frame00091.jpg	354.03	501.00	535.94	484.83	560.18	520.97	355.09	540.13
frame00092.jpg	354.09	501.02	535.91	484.76	560.25	520.97	355.10	540.22
frame00093.jpg	354.07	501.03	535.85	484.67	560.30	520.97	355.16	540.31
frame00094.jpg	354.11	501.08	535.77	484.56	560.36	520.96	355.24	540.44
frame00095.jpg	354.17	501.06	535.75	484.40	560.49	521.00	355.37	540.54
frame00096.jpg	354.24	501.06	535.68	484.23	560.63	520.98	355.40	540.67
frame00097.jpg	354.27	501.06	535.64	484.05	560.77	520.95	355.57	540.77
frame00098.jpg	354.28	501.09	535.66	483.82	560.93	520.94	355.68	540.93
frame00099.jpg	354.48	501.14	535.68	483.49	561.23	520.91	356.14	541.03
frame00100.jpg	354.53	501.11	535.71	483.01	561.53	520.84	356.37	541.23
frame00101.jpg	354.58	501.11	535.86	482.48	561.87	520.69	356.50	541.45
frame00102.jpg	354.82	500.97	536.09	482.00	562.11	520.67	356.65	541.59
frame00103.jpg	354.87	501.02	536.10	481.71	562.18	520.61	357.02	541.63
frame00104.jpg	354.95	501.06	536.12	481.50	562.69	520.56	356.81	541.77
frame00105.jpg	354.96	501.01	536.20	481.18	562.81	520.47	356.96	541.92
frame00106.jpg	355.00	501.00	536.77	480.73	563.03	520.34	357.09	541.98
frame00107.jpg	355.13	500.92	537.00	480.55	563.79	520.41	357.10	541.95
frame00108.jpg	355.00	501.00	536.94	480.45	563.59	520.26	357.32	541.94
frame00109.jpg	354.90	500.78	536.90	480.23	563.10	520.27	357.15	542.08
frame00110.jpg	354.76	500.65	537.17	479.75	563.03	520.17	357.60	542.12
frame00111.jpg	354.83	500.47	537.38	479.34	563.38	520.19	357.96	542.08
frame00112.jpg	354.79	500.34	537.77	479.08	563.04	520.17	358.03	542.08
frame00113.jpg	354.58	499.98	538.18	478.42	562.78	520.27	358.77	542.08
frame00114.jpg	354.56	499.65	538.45	478.01	562.59	520.29	358.73	542.16
frame00115.jpg	354.47	499.08	538.89	477.40	561.95	520.40	359.42	541.95
frame00116.jpg	354.86	498.36	539.45	476.53	562.02	520.56	360.06	541.89
frame00117.jpg	354.60	497.75	539.90	476.22	561.28	520.60	360.31	541.65
frame00118.jpg	354.63	496.95	540.21	475.43	561.38	520.80	360.45	541.60
frame00119.jpg	354.41	496.29	540.37	475.34	560.88	520.88	360.38	541.33
frame00120.jpg	354.27	495.80	540.34	475.41	560.19	521.08	360.63	540.99
frame00121.jpg	354.65	495.68	540.22	475.67	560.82	521.27	360.14	540.89
frame00122.jpg	354.14	495.42	540.35	475.96	559.52	521.46	360.52	540.61
frame00123.jpg	354.32	495.22	540.40	476.15	559.75	521.80	360.41	540.47
frame00124.jpg	354.41	494.90	540.09	476.39	559.59	521.98	359.61	540.60
frame00125.jpg	354.36	494.67	540.08	476.47	559.54	522.09	359.64	540.47
frame00126.jpg	354.38	494.47	540.35	476.38	559.44	522.21	359.92	540.26
frame00127.jpg	354.06	494.13	540.22	476.54	559.18	522.46	359.59	540.29
frame00128.jpg	354.06	494.04	540.30	476.62	559.53	522.48	359.04	540.24
frame00129.jpg	353.96	493.85	540.10	476.63	559.47	522.58	358.84	540.34
frame00130.jpg	354.22	493.71	540.24	476.60	559.42	522.67	359.28	540.10
frame00131.jpg	354.55	493.55	540.25	476.61	559.24	522.73	359.38	540.06
frame00132.jpg	354.74	493.26	540.84	476.44	559.10	522.92	359.99	539.70
frame00133.jpg	354.33	492.58	540.70	476.14	559.19	523.12	359.05	540.00
frame00134.jpg	354.43	491.95	540.25	475.83	558.97	523.35	359.10	540.05
frame00135.jpg	354.09	491.21	540.54	475.11	558.80	523.52	359.70	539.95
frame00136.jpg	353.79	490.86	540.28	475.02	558.77	523.62	359.50	540.04
frame00137.jpg	353.94	491.28	540.25	475.27	559.37	523.37	358.71	540.21
frame00138.jpg	354.05	491.27	540.42	474.96	558.75	523.35	358.76	540.42
frame00139.jpg	354.00	490.91	540.32	474.45	559.04	523.25	358.38	540.63
frame00140.jpg	353.75	490.11	540.33	473.42	559.18	523.20	358.62	540.71
frame00141.jpg	354.23	488.97	540.12	471.90	559.26	523.34	359.16	540.88
frame00142.jpg	354.24	487.83	539.86	470.21	559.69	523.16	359.09	541.27
frame00143.jpg	354.30	486.08	539.74	468.35	559.69	523.27	359.35	541.37
frame00144.jpg	354.51	484.60	539.76	466.61	560.28	523.13	358.96	541.46
frame00145.jpg	354.03	482.78	539.58	464.37	559.83	522.90	360.07	541.49
frame00146.jpg	353.93	480.99	539.52	462.74	559.84	522.88	359.79	541.53
frame00147.jpg	354.00	479.41	539.49	461.07	560.31	522.80	359.19	541.54
frame00148.jpg	353.29	477.56	539.49	459.39	559.96	522.48	358.99	541.50
frame00149.jpg	353.46	476.12	539.31	457.74	560.53	522.51	358.65	541.72
frame00150.jpg	353.32	473.95	539.35	455.88	560.50	522.34	358.98	541.37
frame00151.jpg	353.29	471.59	539.32	453.58	560.41	522.14	358.36	541.36
frame00152.jpg	353.01	468.86	539.56	451.53	560.39	521.97	358.02	540.93
frame00153.jpg	353.07	466.49	539.82	449.45	560.31	521.90	358.06	540.48
frame00154.jpg	352.75	463.97	540.12	447.74	560.27	522.01	357.86	539.95
frame00155.jpg	352.83	462.05	540.38	446.32	560.67	522.00	356.27	540.01
frame00156.jpg	352.44	460.11	540.51	445.23	560.54	522.02	356.79	539.38
frame00157.jpg	352.31	458.88	540.91	443.94	560.34	522.14	356.71	539.48
frame00158.jpg	352.61	457.92	541.02	442.78	560.84	522.22	356.26	539.59
frame00159.jpg	352.50	456.40	541.14	441.34	560.95	522.10	356.29	539.51
frame00160.jpg	352.18	454.24	541.57	439.40	561.05	521.89	355.94	539.19
frame00161.jpg	352.01	452.24	541.50	438.05	561.49	521.56	354.90	538.91
frame00162.jpg	352.26	450.44	541.87	436.36	561.82	521.51	354.77	538.35
frame00163.jpg	352.30	448.81	541.98	435.30	562.16	521.37	354.47	537.86
frame00164.jpg	351.98	447.12	542.45	433.89	561.93	521.13	353.91	537.56
frame00165.jpg	351.98	445.30	542.69	432.23	562.00	521.18	353.72	537.46
frame00166.jpg	351.71	443.45	542.98	431.04	561.99	521.22	353.49	537.17
frame00167.jpg	351.40	441.88	543.47	429.63	561.77	520.93	353.33	536.74
frame00168.jpg	351.83	440.29	543.66	428.39	562.47	521.28	352.84	536.71
frame00169.jpg	351.34	438.45	544.33	426.95	562.00	520.91	352.82	536.31
frame00170.jpg	351.57	436.77	544.48	425.54	562.60	520.90	352.32	535.84
frame00171.jpg	351.10	435.19	544.83	424.14	562.63	520.24	352.21	535.31
frame00172.jpg	351.01	433.55	545.23	422.78	562.75	520.54	351.88	535.40
frame00173.jpg	350.83	432.72	545.63	421.94	562.94	520.40	351.49	535.54
frame00174.jpg	350.38	431.05	546.16	420.85	562.52	520.52	351.40	535.30
frame00175.jpg	350.28	430.39	546.47	420.20	562.46	520.62	351.45	535.29
frame00176.jpg	350.03	429.33	546.99	419.62	562.01	520.72	351.24	535.04
frame00177.jpg	349.94	428.77	547.16	419.22	561.78	520.60	350.92	535.25
frame00178.jpg	350.09	428.05	547.67	418.39	562.11	520.84	350.97	535.27
frame00179.jpg	350.08	427.38	548.18	417.71	561.82	520.69	351.02	535.14
frame00180.jpg	349.80	426.68	548.43	417.18	562.01	520.46	350.66	535.17
frame00181.jpg	349.89	425.57	549.11	416.25	561.79	520.55	350.58	535.07
frame00182.jpg	350.06	425.09	549.21	416.07	562.57	520.90	350.35	534.87
frame00183.jpg	349.61	424.26	549.54	415.76	562.04	520.63	350.26	534.82
frame00184.jpg	349.62	423.59	549.83	415.38	562.25	520.64	349.98	534.47
frame00185.jpg	349.58	423.05	550.37	414.78	561.85	520.46	350.30	534.16
frame00186.jpg	349.50	422.02	550.66	414.50	561.87	520.54	349.92	533.60
frame00187.jpg	349.57	421.36	551.21	413.85	561.88	520.52	349.58	533.57
frame00188.jpg	349.56	420.85	551.53	413.38	562.03	520.53	348.77	533.66
frame00189.jpg	349.52	420.32	551.88	413.18	561.92	520.38	348.74	533.48
frame00190.jpg	349.28	419.67	552.18	412.70	561.78	520.52	348.70	533.53
frame00191.jpg	349.21	419.05	552.71	412.17	561.60	520.54	348.68	533.56
frame00192.jpg	349.48	419.18	553.31	412.12	562.16	520.38	348.63	533.13
frame00193.jpg	349.54	418.21	553.85	411.92	562.06	520.53	348.34	533.05
frame00194.jpg	349.64	418.18	554.13	411.73	562.30	520.48	348.05	533.21
frame00195.jpg	349.35	417.90	554.41	411.38	561.99	520.51	348.59	533.14
frame00196.jpg	349.35	417.88	554.64	411.15	562.32	520.56	348.51	533.29
frame00197.jpg	348.83	417.66	555.21	410.81	561.96	520.43	348.67	533.50
frame00198.jpg	349.00	417.57	555.47	410.56	561.92	520.53	348.84	533.56
frame00199.jpg	348.65	417.12	555.42	410.61	561.97	520.52	348.49	533.61
frame00200.jpg	348.63	417.16	556.16	410.27	561.93	520.38	348.92	533.36
frame00201.jpg	348.50	416.93	556.52	410.22	561.99	520.47	348.64	533.54
frame00202.jpg	348.60	416.69	557.04	410.13	562.02	520.49	348.60	533.46
frame00203.jpg	348.86	416.83	557.74	409.97	562.79	520.63	348.63	533.18
frame00204.jpg	348.71	416.99	558.42	409.94	562.69	520.41	348.71	532.94
frame00205.jpg	348.39	416.61	558.64	409.79	562.38	520.38	348.57	533.25
frame00206.jpg	348.51	416.22	559.16	409.64	562.57	520.60	348.76	532.82
frame00207.jpg	348.25	415.85	559.73	409.51	562.48	520.61	348.70	532.82
frame00208.jpg	348.50	416.14	560.27	409.21	563.17	520.83	348.35	532.89
frame00209.jpg	348.15	416.35	560.21	409.83	563.03	520.60	347.42	533.49
frame00210.jpg	348.05	416.57	560.97	409.92	562.62	520.65	347.45	533.51
frame00211.jpg	347.49	416.72	561.17	410.16	562.59	521.09	347.08	533.90
frame00212.jpg	347.26	417.13	561.68	410.43	562.65	521.30	347.11	533.95
frame00213.jpg	347.02	417.83	562.04	410.53	562.92	521.31	347.42	533.84
frame00214.jpg	346.89	417.71	562.49	410.23	562.76	521.29	346.72	534.51
frame00215.jpg	346.44	418.22	562.57	410.98	562.68	521.12	346.01	534.77
frame00216.jpg	346.44	418.52	562.81	411.55	562.91	521.34	346.07	534.50
frame00217.jpg	346.50	418.51	563.62	411.59	563.16	521.61	346.06	534.54
frame00218.jpg	346.53	418.56	564.65	411.92	563.30	521.66	345.89	534.49
frame00219.jpg	346.56	418.80	565.43	412.48	563.48	521.95	346.04	534.49
frame00220.jpg	346.79	419.03	566.07	412.97	563.63	522.08	345.48	534.59
frame00221.jpg	346.97	419.50	566.77	413.04	563.98	522.42	346.08	534.50
frame00222.jpg	347.10	420.60	567.16	414.09	564.15	522.32	346.32	534.06
frame00223.jpg	347.13	421.28	567.36	415.02	564.23	522.35	346.28	533.71
frame00224.jpg	346.85	421.69	567.78	415.41	564.01	522.09	346.51	533.50
frame00225.jpg	346.99	422.20	567.46	416.36	564.26	521.86	345.79	533.09
frame00226.jpg	346.75	422.74	567.68	416.66	564.25	521.53	346.11	532.95
frame00227.jpg	346.49	423.48	567.54	417.50	564.44	521.52	345.64	532.92
frame00228.jpg	346.32	423.86	567.57	417.80	563.79	521.10	345.64	532.64
frame00229.jpg	346.15	424.04	567.95	417.83	563.42	520.70	346.16	532.11
frame00230.jpg	346.60	424.47	567.93	417.86	563.96	521.13	345.87	532.44
frame00231.jpg	346.20	424.42	567.94	418.25	563.86	520.75	345.60	532.26
frame00232.jpg	345.92	424.41	568.34	418.17	563.94	520.93	346.51	531.98
frame00233.jpg	345.91	424.34	568.53	418.00	564.00	521.18	347.01	532.10
frame00234.jpg	346.20	424.75	568.85	417.89	564.38	521.16	346.50	532.38
frame00235.jpg	346.55	424.65	568.81	417.76	564.47	521.29	345.92	532.97
frame00236.jpg	346.82	424.70	568.81	417.87	564.95	521.64	345.67	533.11
frame00237.jpg	346.54	424.44	568.77	417.64	564.50	521.42	346.54	532.74
frame00238.jpg	346.32	423.83	568.54	417.56	564.33	521.51	345.46	533.49
frame00239.jpg	346.59	423.54	568.59	417.35	564.32	521.80	345.46	533.72
frame00240.jpg	346.55	423.03	568.60	417.00	564.05	521.79	345.30	534.02
frame00241.jpg	346.79	422.53	568.87	416.39	564.22	522.14	346.09	533.91
frame00242.jpg	346.84	422.40	568.86	416.13	564.52	522.11	345.78	534.04
frame00243.jpg	346.93	422.14	568.72	415.61	564.33	521.90	345.84	534.24
frame00244.jpg	346.76	421.51	568.77	414.93	564.26	521.78	345.72	534.44
frame00245.jpg	346.80	421.23	568.45	414.51	564.31	521.62	345.49	534.62
frame00246.jpg	346.38	420.86	568.71	413.88	564.11	520.97	346.40	533.85
frame00247.jpg	346.72	420.84	568.70	413.39	564.32	520.19	346.67	533.59
frame00248.jpg	346.59	420.66	568.74	412.28	565.04	518.82	346.98	533.18
frame00249.jpg	347.12	419.94	569.21	409.98	565.58	516.67	347.71	531.73
frame00250.jpg	347.14	418.01	568.80	407.63	565.78	514.02	348.04	529.91
frame00251.jpg	347.09	415.74	568.67	404.64	565.59	510.84	348.92	527.55
frame00252.jpg	347.23	413.15	568.22	401.83	566.03	507.87	349.23	525.08
frame00253.jpg	347.61	410.36	568.22	398.63	566.11	504.77	349.27	522.47
frame00254.jpg	347.43	406.91	567.80	396.13	565.92	501.63	348.74	519.17
frame00255.jpg	347.84	403.11	567.73	392.75	565.56	498.34	348.15	515.49
frame00256.jpg	348.04	399.12	567.76	389.28	565.40	494.91	348.50	511.37
frame00257.jpg	348.43	395.06	567.62	385.88	565.16	491.26	347.82	507.53
frame00258.jpg	348.30	390.57	567.26	382.20	565.16	487.47	347.75	503.46
frame00259.jpg	348.49	386.38	567.05	378.36	564.66	483.05	347.56	499.23
frame00260.jpg	348.96	381.76	567.01	373.38	564.45	478.85	348.53	494.51
frame00261.jpg	349.03	377.15	566.60	368.79	564.00	473.63	348.62	489.68
frame00262.jpg	348.57	371.99	566.18	363.72	563.53	468.18	349.34	484.69
frame00263.jpg	349.29	366.98	564.97	358.07	563.85	462.39	348.25	480.51
frame00264.jpg	349.20	361.94	564.37	352.08	563.99	456.30	348.54	475.29
frame00265.jpg	349.77	356.94	563.54	346.01	564.16	450.10	348.44	470.44
frame00266.jpg	350.12	351.39	563.51	339.76	563.11	443.98	350.52	464.46
frame00267.jpg	350.09	346.27	562.45	333.89	563.31	437.50	350.79	458.79
frame00268.jpg	350.21	340.72	561.00	327.70	562.23	430.87	350.50	453.64
frame00269.jpg	349.30	334.95	560.28	322.03	560.66	425.48	351.24	447.29
frame00270.jpg	349.93	329.93	558.71	317.61	560.45	420.28	349.77	441.98
frame00271.jpg	349.08	324.27	557.51	312.83	558.36	415.11	349.85	436.94
frame00272.jpg	349.03	319.73	556.58	308.64	557.95	410.64	348.88	431.93
frame00273.jpg	348.61	314.64	555.87	304.28	556.30	406.12	349.47	426.49
frame00274.jpg	348.92	309.81	554.60	300.39	555.41	401.86	348.40	421.75
frame00275.jpg	348.22	305.68	553.54	296.73	553.94	397.03	348.67	416.47
frame00276.jpg	347.97	301.12	552.54	292.79	552.11	392.31	348.68	411.81
frame00277.jpg	348.32	297.51	551.57	288.87	551.96	388.14	347.72	407.86
frame00278.jpg	348.74	293.78	550.74	285.01	551.09	384.06	348.78	403.81
frame00279.jpg	349.20	289.59	550.18	281.58	550.16	380.33	349.19	400.23
frame00280.jpg	349.37	286.45	549.65	277.95	549.06	376.17	350.02	396.30
frame00281.jpg	350.32	283.58	549.26	274.37	549.34	372.10	350.66	392.84
frame00282.jpg	350.27	281.22	548.51	271.52	548.69	367.91	351.98	389.67
frame00283.jpg	351.21	278.38	547.31	268.74	548.35	364.81	352.15	386.34
frame00284.jpg	351.19	276.07	545.53	266.30	547.59	361.44	352.09	383.56
frame00285.jpg	350.30	273.06	544.13	264.13	545.75	358.40	351.86	379.76
frame00286.jpg	350.29	270.51	543.12	261.47	544.81	356.20	351.16	376.90
frame00287.jpg	349.96	268.42	542.22	259.54	543.47	353.80	351.05	373.60
frame00288.jpg	350.09	266.52	541.09	257.99	542.74	351.89	349.98	371.84
frame00289.jpg	349.49	264.72	540.87	256.38	541.87	350.37	350.96	369.34
frame00290.jpg	349.45	263.87	540.37	254.96	541.32	349.10	351.34	367.69
frame00291.jpg	348.54	262.72	539.81	254.23	540.86	347.89	350.60	366.62
frame00292.jpg	348.61	262.15	539.54	253.19	540.73	347.11	350.38	365.51
frame00293.jpg	348.27	261.80	539.19	252.22	540.58	346.27	350.26	364.83
frame00294.jpg	347.58	261.70	538.18	252.13	540.48	345.24	350.14	363.87
frame00295.jpg	346.99	261.04	538.28	250.90	539.26	344.63	350.53	363.08
frame00296.jpg	347.19	260.15	537.22	250.91	538.61	343.94	349.77	362.85
frame00297.jpg	346.22	259.10	537.18	250.25	538.04	343.65	349.63	362.51
frame00298.jpg	346.83	259.57	536.97	250.65	538.47	343.41	348.25	362.03
frame00299.jpg	346.38	258.94	537.18	249.99	538.38	343.30	349.33	361.13
frame00300.jpg	346.23	258.86	537.02	249.58	538.18	343.31	348.62	361.70
frame00301.jpg	346.32	258.87	536.47	250.06	537.51	343.02	348.81	361.04
frame00302.jpg	346.66	259.09	536.70	249.77	538.24	343.26	348.29	361.38
frame00303.jpg	346.58	259.14	537.07	249.59	538.54	343.42	348.60	361.11
frame00304.jpg	346.26	258.51	537.14	249.75	537.73	343.49	349.75	360.69
frame00305.jpg	346.42	259.35	536.95	249.81	538.00	343.42	348.49	361.87
frame00306.jpg	345.90	259.95	537.00	249.97	538.03	343.46	348.32	362.61
frame00307.jpg	346.32	260.20	537.00	249.79	538.36	343.74	348.47	363.15
frame00308.jpg	346.21	260.46	537.40	249.71	538.07	344.21	349.02	363.99
frame00309.jpg	346.25	260.93	537.48	250.03	538.27	344.49	349.09	364.34
frame00310.jpg	346.03	261.77	537.42	250.21	538.30	344.12	350.16	364.57
frame00311.jpg	345.67	261.54	537.33	250.30	538.00	344.19	350.03	364.93
frame00312.jpg	345.94	262.39	537.72	250.27	539.01	344.43	350.58	365.00
frame00313.jpg	346.52	262.85	537.70	250.35	539.54	344.46	349.52	365.34
frame00314.jpg	346.14	261.95	537.77	250.46	538.93	344.50	350.09	364.75
frame00315.jpg	346.44	262.05	537.95	250.43	539.40	344.79	348.98	365.55
frame00316.jpg	346.57	261.36	538.04	250.54	539.11	344.75	349.71	364.96
frame00317.jpg	346.63	261.44	538.81	250.17	538.53	344.80	350.47	364.88
frame00318.jpg	347.04	261.46	538.77	250.29	539.06	344.98	350.04	365.10
frame00319.jpg	347.42	261.47	538.86	250.51	539.37	345.26	349.79	365.38
frame00320.jpg	347.25	261.98	539.16	250.68	539.76	345.02	349.92	365.96
frame00321.jpg	347.94	262.52	539.58	251.36	540.24	345.24	349.68	365.81
frame00322.jpg	348.60	262.40	540.28	251.56	540.18	345.50	350.27	366.16
frame00323.jpg	349.56	262.45	540.67	251.96	540.73	345.64	350.06	366.66
frame00324.jpg	350.33	262.99	541.52	251.82	541.22	345.64	350.43	367.19
frame00325.jpg	350.85	263.39	542.01	252.16	541.50	345.44	350.80	367.78
frame00326.jpg	351.51	263.92	542.70	252.12	542.09	345.87	352.33	367.57
frame00327.jpg	351.82	263.36	543.26	252.08	542.55	346.13	352.18	368.39
frame00328.jpg	352.22	263.37	543.37	252.26	543.09	346.07	352.18	368.31
frame00329.jpg	352.77	264.00	543.64	251.83	544.34	345.97	352.88	367.79
frame00330.jpg	352.53	262.93	543.83	251.72	544.07	345.99	352.94	367.67
frame00331.jpg	352.57	263.03	543.37	251.68	544.32	345.79	352.67	367.73
frame00332.jpg	351.66	262.97	543.49	251.37	544.45	345.82	352.82	366.97
frame00333.jpg	351.66	262.47	543.37	251.20	543.58	345.69	352.62	366.39
frame00334.jpg	351.39	261.58	543.09	251.12	543.04	345.11	351.98	365.53
frame00335.jpg	351.53	261.00	543.13	250.83	542.75	345.22	352.02	364.52
frame00336.jpg	351.40	260.17	543.42	250.81	542.50	345.13	352.29	363.74
frame00337.jpg	351.44	259.84	543.59	250.95	542.97	345.17	352.41	363.29
frame00338.jpg	351.63	259.67	544.29	250.66	542.70	344.61	353.61	362.88
frame00339.jpg	352.77	260.13	544.83	250.71	543.59	344.69	352.86	363.37
frame00340.jpg	353.03	260.53	545.54	250.66	545.96	344.92	353.26	362.79
frame00341.jpg	353.55	260.22	545.74	250.90	545.46	345.22	353.53	363.20
frame00342.jpg	354.07	260.36	546.33	250.83	546.06	345.48	354.30	362.77
frame00343.jpg	353.55	260.80	546.25	251.36	545.85	344.81	354.92	362.47
frame00344.jpg	353.73	259.87	546.31	251.12	545.75	345.53	355.71	362.20
frame00345.jpg	353.59	259.98	546.54	251.19	545.22	345.40	355.97	362.19
frame00346.jpg	353.24	259.91	546.41	251.40	545.40	345.58	355.72	362.25
frame00347.jpg	352.76	260.61	546.56	251.03	545.72	345.35	356.98	361.71
frame00348.jpg	352.86	260.60	546.35	251.23	546.05	345.80	356.39	361.53
frame00349.jpg	352.94	260.78	546.15	251.01	545.27	345.74	356.77	361.69
frame00350.jpg	352.41	260.78	545.88	251.27	545.55	345.77	356.11	361.69
frame00351.jpg	352.27	259.91	545.75	250.97	545.13	346.06	355.60	362.01
frame00352.jpg	352.43	260.27	545.76	250.73	545.71	346.11	356.09	361.58
frame00353.jpg	352.04	259.66	545.58	250.82	545.26	345.76	355.36	361.51
frame00354.jpg	352.11	259.78	545.65	250.67	545.26	345.57	355.85	361.11
frame00355.jpg	352.46	258.99	545.71	250.54	545.36	345.51	355.20	360.36
frame00356.jpg	352.65	257.99	546.03	250.54	545.10	345.03	355.38	359.16
frame00357.jpg	353.14	257.87	546.23	250.47	545.50	344.84	354.82	358.24
frame00358.jpg	353.08	256.55	546.46	250.11	545.08	345.28	354.73	357.42
frame00359.jpg	353.26	257.30	546.26	250.37	545.66	344.82	353.98	356.97
frame00360.jpg	352.55	256.63	546.50	250.08	544.67	344.88	354.29	356.52
frame00361.jpg	352.41	257.26	545.65	250.73	544.22	344.87	354.50	356.40
frame00362.jpg	351.66	256.92	545.51	250.25	543.48	344.86	354.36	356.66
frame00363.jpg	351.45	256.90	545.64	250.30	543.12	344.77	353.42	356.48
frame00364.jpg	351.39	256.72	544.95	250.22	543.03	344.97	352.95	357.15
frame00365.jpg	350.58	256.63	545.24	250.21	542.65	344.90	353.69	356.96
frame00366.jpg	350.28	256.91	545.16	250.21	542.78	345.07	353.64	357.17
frame00367.jpg	350.49	256.95	544.99	250.38	542.24	344.84	354.14	357.39
frame00368.jpg	350.07	257.13	545.08	251.22	542.38	344.75	353.68	357.61
frame00369.jpg	350.64	257.19	545.28	250.73	542.53	344.92	354.32	358.04
frame00370.jpg	350.35	256.88	545.26	250.44	542.63	345.16	353.67	358.52
frame00371.jpg	350.40	256.95	545.21	249.93	542.83	344.86	353.36	358.61
frame00372.jpg	350.52	256.36	544.22	250.21	543.23	345.45	352.46	358.81
frame00373.jpg	351.12	256.93	544.31	250.53	543.98	345.45	350.96	359.06
frame00374.jpg	350.94	255.84	544.61	250.17	543.48	345.80	351.59	358.84
frame00375.jpg	351.17	255.06	546.02	249.92	543.83	346.28	352.74	358.35
frame00376.jpg	352.29	254.49	546.92	250.55	544.58	346.70	353.00	358.00
frame00377.jpg	352.52	253.10	548.68	249.45	544.57	346.97	354.68	357.52
frame00378.jpg	353.51	252.62	549.32	249.06	545.42	346.82	356.06	356.80
frame00379.jpg	354.27	252.55	549.64	249.56	545.50	346.70	357.17	355.09
frame00380.jpg	354.45	252.57	549.52	250.47	545.86	346.86	356.40	353.75
frame00381.jpg	355.44	252.90	549.38	251.61	546.15	346.78	355.85	352.84
frame00382.jpg	356.05	252.31	549.59	251.43	546.17	346.71	356.01	352.36
frame00383.jpg	356.65	251.96	550.21	250.91	546.18	346.62	356.97	351.96
frame00384.jpg	356.63	251.70	551.17	251.17	546.44	346.74	358.81	350.99
frame00385.jpg	357.13	252.74	551.99	252.18	546.78	346.65	361.11	349.08
frame00386.jpg	357.67	252.97	551.78	252.89	547.13	346.61	361.80	348.55
frame00387.jpg	357.07	251.56	551.69	251.45	546.39	345.89	361.86	348.65
frame00388.jpg	356.88	251.36	551.26	250.42	545.84	343.90	361.41	347.95
frame00389.jpg	357.25	251.09	550.54	248.33	545.26	342.20	361.53	347.92
frame00390.jpg	356.92	250.22	549.43	246.26	545.75	340.66	360.21	348.43
frame00391.jpg	356.82	249.93	548.09	245.44	545.54	339.02	359.35	347.85
frame00392.jpg	356.87	249.73	548.14	244.15	545.42	338.49	358.95	347.51
frame00393.jpg	356.72	248.92	547.78	245.49	544.55	338.99	357.93	347.23
frame00394.jpg	356.94	248.84	548.72	246.99	544.61	340.83	358.86	347.07
frame00395.jpg	357.26	248.82	549.39	249.87	543.98	343.67	358.51	347.01
frame00396.jpg	357.45	248.60	550.16	250.63	543.62	345.05	358.26	347.27
frame00397.jpg	357.57	249.81	550.86	251.42	545.02	345.33	358.49	347.18
frame00398.jpg	357.41	249.52	550.72	251.99	544.74	345.88	359.33	346.64
frame00399.jpg	356.96	250.51	550.19	252.33	544.93	345.40	359.87	345.82
frame00400.jpg	356.75	251.51	548.98	252.75	545.31	344.70	358.79	345.64
frame00401.jpg	355.91	251.36	548.87	252.46	544.85	344.08	359.73	345.08
frame00402.jpg	355.97	250.66	548.63	251.25	544.70	343.97	359.40	345.43
frame00403.jpg	355.34	250.36	548.30	250.31	545.22	342.81	358.77	345.52
frame00404.jpg	355.53	250.18	548.35	249.08	546.27	342.34	359.16	345.24
frame00405.jpg	354.96	249.22	548.06	247.36	545.99	341.09	359.39	345.14
frame00406.jpg	354.17	249.28	548.87	245.05	547.09	339.57	360.71	344.08
frame00407.jpg	352.68	248.12	549.15	243.01	547.39	337.82	361.67	343.32
frame00408.jpg	352.44	247.37	549.52	240.66	548.06	336.24	361.60	342.59
frame00409.jpg	352.02	246.19	550.23	238.19	549.21	334.68	362.96	341.04
frame00410.jpg	352.11	244.88	551.01	236.19	550.01	332.82	363.59	339.14
frame00411.jpg	352.55	243.03	552.19	234.47	550.72	331.44	363.90	337.13
frame00412.jpg	352.64	240.82	553.54	232.67	551.66	330.42	364.71	334.87
frame00413.jpg	352.98	238.55	554.68	231.37	552.64	329.10	364.60	332.39
frame00414.jpg	353.57	236.54	555.56	229.56	553.40	327.51	365.25	329.78
frame00415.jpg	354.07	233.85	556.85	226.93	554.92	325.85	365.73	327.40
frame00416.jpg	354.27	231.27	557.60	225.47	556.10	324.22	365.62	324.86
frame00417.jpg	354.64	228.57	559.11	223.01	557.19	322.95	366.92	322.34
frame00418.jpg	355.25	225.71	560.38	221.16	557.67	321.64	368.22	319.49
frame00419.jpg	356.26	223.94	560.95	219.85	559.48	320.37	368.63	316.84
frame00420.jpg	356.79	221.35	562.46	218.06	560.92	319.42	368.90	314.39
frame00421.jpg	357.44	219.14	563.56	217.19	561.34	318.34	369.93	311.75
frame00422.jpg	358.48	217.20	564.83	216.65	562.21	318.21	370.53	309.43
frame00423.jpg	359.11	214.95	565.89	216.68	562.37	318.30	371.14	307.13
frame00424.jpg	359.72	212.59	566.82	216.81	562.67	318.28	370.93	304.83
frame00425.jpg	360.48	209.58	567.87	216.53	562.25	318.34	371.63	302.25
frame00426.jpg	361.42	206.83	568.40	216.45	562.03	318.06	372.08	299.34
frame00427.jpg	362.33	203.87	569.46	215.65	561.76	318.06	372.30	296.61
frame00428.jpg	362.74	201.10	570.40	215.72	561.07	317.93	371.75	293.88
frame00429.jpg	363.65	198.67	570.16	216.22	560.38	317.94	371.63	291.18
frame00430.jpg	364.09	196.41	570.20	217.04	558.89	318.11	371.82	288.62
frame00431.jpg	363.86	194.02	569.93	218.04	557.44	318.63	370.98	286.31
frame00432.jpg	363.80	192.99	569.14	219.28	555.96	318.96	369.69	284.69
frame00433.jpg	363.81	192.10	568.62	220.60	555.10	320.46	368.93	283.54
frame00434.jpg	363.35	191.13	568.63	222.61	553.24	321.52	368.18	282.76
frame00435.jpg	363.22	190.63	568.36	224.35	551.96	322.43	367.11	282.08
frame00436.jpg	363.23	190.60	568.46	226.19	550.99	323.25	366.76	281.59
frame00437.jpg	363.56	191.41	568.51	227.72	550.99	324.14	366.15	281.80
frame00438.jpg	364.37	193.15	568.73	230.36	552.18	326.74	366.19	282.26
frame00439.jpg	365.42	194.95	569.97	234.48	551.95	330.26	366.01	283.71
frame00440.jpg	366.59	196.48	570.53	239.87	550.46	334.13	366.68	285.25
frame00441.jpg	367.69	198.90	571.24	245.95	550.36	338.53	367.30	287.06
frame00442.jpg	369.57	201.30	572.47	251.72	550.59	343.21	368.07	288.93
frame00443.jpg	371.55	203.50	574.46	256.33	551.08	347.23	369.45	291.12
frame00444.jpg	374.13	205.18	576.53	260.20	552.36	350.45	371.00	292.13
frame00445.jpg	376.11	206.11	578.41	262.42	554.10	352.67	372.90	293.00
frame00446.jpg	377.88	206.91	580.21	264.57	555.51	354.92	373.33	293.66
frame00447.jpg	379.40	207.07	580.81	266.48	555.62	356.24	373.55	294.41
frame00448.jpg	380.79	206.05	582.62	267.15	555.58	357.31	373.66	295.02
frame00449.jpg	382.04	206.12	583.51	267.53	556.86	357.89	373.67	294.86
frame00450.jpg	382.63	205.86	584.81	267.27	557.90	358.02	374.58	294.45
frame00451.jpg	383.71	205.32	585.71	266.96	558.08	357.96	375.28	294.19
frame00452.jpg	384.00	205.16	586.20	266.96	558.77	357.68	375.38	293.42
frame00453.jpg	383.93	204.37	586.52	266.33	558.55	357.21	375.27	293.31
frame00454.jpg	383.53	204.00	586.02	266.53	558.07	356.57	374.53	293.07
frame00455.jpg	383.32	204.03	586.49	266.59	558.00	356.64	374.49	293.05
frame00456.jpg	382.70	204.45	586.09	266.51	557.91	356.86	374.27	293.55
frame00457.jpg	382.25	204.84	586.06	266.23	557.96	357.10	374.12	294.01
frame00458.jpg	381.96	205.44	585.23	266.47	557.88	357.22	372.73	294.31
frame00459.jpg	380.81	205.66	585.06	266.27	557.24	356.77	372.70	294.87
frame00460.jpg	380.24	205.75	584.74	266.01	556.70	356.92	372.14	295.14
frame00461.jpg	379.83	206.22	583.91	265.91	556.64	357.06	371.52	294.84
frame00462.jpg	379.02	206.25	582.86	265.37	556.09	356.52	370.89	295.21
frame00463.jpg	378.22	205.99	582.36	264.97	555.48	356.55	370.22	295.64
frame00464.jpg	377.85	206.57	581.61	265.04	555.18	356.46	369.76	295.71
frame00465.jpg	377.15	206.12	581.20	264.63	554.13	356.30	369.48	295.95
frame00466.jpg	376.40	206.34	580.35	264.03	553.33	355.77	369.47	295.83
frame00467.jpg	375.56	206.14	578.72	263.80	552.85	355.42	368.56	295.50
frame00468.jpg	375.17	206.16	577.69	263.31	551.94	354.93	368.69	295.50
frame00469.jpg	374.77	206.37	577.72	263.16	552.09	355.00	368.91	295.73
frame00470.jpg	375.04	206.78	577.17	263.20	552.09	355.60	368.71	296.63
frame00471.jpg	374.90	207.94	577.12	263.81	552.67	356.20	368.96	297.37
frame00472.jpg	374.90	208.85	577.61	263.77	552.97	356.81	368.87	298.31
frame00473.jpg	374.52	210.01	577.37	263.60	553.31	356.79	368.76	299.56
frame00474.jpg	374.54	211.19	576.98	263.27	553.80	356.67	368.55	300.16
frame00475.jpg	373.83	211.64	576.99	263.34	553.89	356.54	368.95	300.75
frame00476.jpg	373.57	212.26	577.06	263.98	553.98	356.56	369.35	301.13
frame00477.jpg	373.94	212.67	577.21	264.49	553.79	356.58	370.70	301.49
frame00478.jpg	373.95	213.57	577.44	265.10	554.67	356.48	371.24	301.62
frame00479.jpg	374.39	214.65	577.94	265.38	555.50	357.20	370.74	302.36
frame00480.jpg	374.30	215.16	578.10	265.60	555.78	357.33	371.08	302.86
frame00481.jpg	374.47	214.90	578.18	265.68	555.39	357.62	370.36	303.53
frame00482.jpg	374.24	215.11	578.47	265.12	555.45	357.84	369.71	304.27
frame00483.jpg	374.32	214.78	577.77	265.23	555.20	358.04	368.32	304.04
frame00484.jpg	373.37	213.70	578.15	264.74	553.87	357.38	368.82	303.90
frame00485.jpg	373.31	213.68	577.49	264.69	553.87	357.42	368.52	303.67
frame00486.jpg	373.26	213.95	577.39	264.18	553.98	357.40	367.78	303.54
frame00487.jpg	372.73	213.45	576.96	264.14	553.74	357.19	367.00	303.00
frame00488.jpg	372.30	212.56	576.39	263.61	552.66	356.62	367.24	303.02
frame00489.jpg	372.09	212.72	576.10	263.71	552.63	356.65	366.97	302.66
frame00490.jpg	372.23	212.88	575.80	263.51	552.56	356.43	366.68	302.68
frame00491.jpg	371.89	212.58	576.06	263.36	552.65	356.49	366.66	302.32
frame00492.jpg	371.71	212.70	575.72	263.35	552.37	356.37	366.44	302.29
frame00493.jpg	371.33	212.64	575.16	263.31	552.06	355.96	366.45	302.13
frame00494.jpg	371.40	212.75	575.20	262.93	552.19	355.90	366.23	301.91
frame00495.jpg	371.41	212.46	574.88	262.44	551.96	355.61	366.01	301.78
frame00496.jpg	370.96	212.03	574.50	261.97	552.11	355.33	365.84	301.45
frame00497.jpg	371.05	211.91	574.84	261.68	551.89	354.89	365.99	301.10
frame00498.jpg	370.90	211.34	574.66	261.05	551.56	354.59	365.88	301.16
frame00499.jpg	371.22	211.69	574.38	261.24	551.87	354.80	365.90	301.02
frame00500.jpg	370.99	211.38	574.23	261.21	551.00	354.37	365.90	301.01
frame00501.jpg	371.02	210.84	574.28	261.27	550.80	354.60	365.69	300.91
frame00502.jpg	370.93	210.87	574.66	261.27	550.98	354.71	366.10	300.80
frame00503.jpg	370.48	210.87	574.23	261.30	550.79	354.37	366.08	300.93
frame00504.jpg	370.72	210.72	573.98	261.17	550.98	354.74	365.04	300.93
frame00505.jpg	370.40	210.64	573.63	261.06	550.48	354.26	365.50	300.84
frame00506.jpg	370.48	210.52	573.90	260.90	550.80	354.51	365.19	300.57
frame00507.jpg	370.49	210.22	573.52	260.70	550.20	354.08	365.09	300.66
frame00508.jpg	370.83	210.79	573.83	260.45	551.07	354.46	365.13	300.65
frame00509.jpg	370.72	210.61	573.99	260.83	550.91	354.15	365.54	300.39
frame00510.jpg	371.38	210.84	574.12	261.08	551.52	354.56	365.34	300.39
frame00511.jpg	371.48	210.32	574.44	260.79	551.43	354.41	365.61	300.46
frame00512.jpg	371.58	210.36	574.72	260.88	551.53	354.20	365.83	300.36
frame00513.jpg	371.74	210.13	574.33	261.05	551.57	354.32	365.86	300.13
frame00514.jpg	371.61	210.09	574.61	261.02	551.22	353.99	366.25	300.11
frame00515.jpg	371.69	210.00	574.86	261.11	551.51	354.03	366.09	299.80
frame00516.jpg	372.09	209.53	575.03	260.76	550.85	353.86	366.71	299.89
frame00517.jpg	372.22	209.65	575.27	260.64	551.45	353.97	366.69	299.79
frame00518.jpg	372.81	209.41	575.67	260.86	552.07	354.36	366.66	299.14
frame00519.jpg	373.13	209.19	575.33	260.94	551.63	353.99	367.07	299.09
frame00520.jpg	373.52	209.32	576.12	260.81	552.60	354.42	367.46	298.98
frame00521.jpg	373.78	208.52	576.37	260.71	551.85	354.15	367.78	298.87
frame00522.jpg	373.82	209.03	576.37	260.82	552.57	354.32	367.95	298.75
frame00523.jpg	374.03	208.87	576.20	260.84	552.36	354.14	367.74	298.71
frame00524.jpg	373.95	207.95	576.36	260.47	551.69	354.01	367.95	298.70
frame00525.jpg	374.02	208.33	576.10	260.98	552.38	354.19	367.35	298.33
frame00526.jpg	373.94	208.19	576.42	260.71	551.91	354.06	367.85	298.60
frame00527.jpg	373.76	208.40	575.96	260.97	552.06	354.16	367.69	298.56
frame00528.jpg	374.22	209.24	576.27	260.68	552.55	354.30	367.93	298.66
frame00529.jpg	373.69	208.66	575.75	260.90	552.19	354.14	367.71	298.67
frame00530.jpg	373.95	208.55	576.21	260.50	551.98	354.35	367.95	298.74
frame00531.jpg	373.53	208.32	576.44	260.36	551.89	354.33	367.73	298.81
frame00532.jpg	373.74	208.04	576.08	260.25	550.91	353.89	367.98	298.71
frame00533.jpg	373.76	208.27	575.78	260.48	551.73	354.56	367.28	298.67
frame00534.jpg	373.43	208.43	575.37	260.57	551.46	354.24	367.21	298.64
frame00535.jpg	373.14	208.63	574.93	261.04	551.54	354.35	366.86	298.58
frame00536.jpg	372.91	208.71	574.70	261.25	551.17	354.20	366.97	298.70
frame00537.jpg	372.98	208.51	574.59	261.13	550.93	354.21	367.12	298.82
frame00538.jpg	373.06	208.66	574.68	261.04	551.52	354.76	366.79	299.20
frame00539.jpg	373.64	209.26	575.25	261.17	552.19	355.15	367.65	298.86
frame00540.jpg	373.64	209.52	575.35	261.22	552.38	355.15	367.96	298.95
frame00541.jpg	373.82	209.64	575.44	261.16	552.38	355.10	367.79	299.16
frame00542.jpg	373.71	209.09	575.25	261.06	551.77	354.78	368.08	299.13
frame00543.jpg	373.72	209.34	574.78	261.08	551.92	354.61	367.36	299.20
frame00544.jpg	373.31	209.03	574.72	260.85	551.68	354.39	367.67	299.17
frame00545.jpg	373.15	208.74	575.07	260.46	551.34	354.47	368.01	298.98
frame00546.jpg	372.93	208.30	574.52	260.40	550.36	353.85	367.57	298.80
frame00547.jpg	372.74	208.35	573.85	259.84	550.85	353.90	366.95	298.68
frame00548.jpg	372.19	208.06	573.70	259.55	549.89	353.24	367.07	298.81
frame00549.jpg	372.05	208.63	573.55	259.70	550.60	353.51	367.05	298.37
frame00550.jpg	371.89	208.55	573.68	259.79	550.41	353.58	366.57	298.52
frame00551.jpg	371.73	208.49	573.25	259.67	549.95	353.57	366.05	299.01
frame00552.jpg	371.57	208.76	573.02	259.92	550.16	353.63	365.87	299.13
frame00553.jpg	371.73	209.49	573.38	259.94	550.52	353.92	366.21	299.43
frame00554.jpg	371.33	209.57	573.02	260.36	550.69	353.97	366.06	299.56
frame00555.jpg	371.10	209.26	573.26	260.10	550.17	353.82	366.34	299.91
frame00556.jpg	370.94	209.88	573.27	260.08	550.51	353.84	366.15	300.01
frame00557.jpg	371.03	209.50	573.04	259.96	550.29	353.86	366.08	300.11
frame00558.jpg	370.94	209.58	572.82	259.99	550.53	353.82	366.02	300.05
frame00559.jpg	371.11	209.56	573.27	260.04	550.37	353.61	366.21	299.78
frame00560.jpg	371.30	209.57	573.91	259.75	550.62	353.79	366.71	299.82
frame00561.jpg	371.46	209.77	573.57	259.94	551.03	353.60	366.19	299.68
frame00562.jpg	371.70	209.29	573.60	259.88	550.97	353.75	366.37	299.17
frame00563.jpg	371.79	209.26	573.82	259.92	550.93	353.51	366.58	299.00
frame00564.jpg	371.78	208.70	573.69	259.78	550.16	353.20	366.92	299.11
frame00565.jpg	372.12	208.68	573.82	259.80	550.50	353.37	366.86	299.18
frame00566.jpg	372.50	209.14	574.21	260.13	551.39	353.81	367.04	299.10
frame00567.jpg	372.55	208.42	574.33	260.36	550.99	353.85	367.06	299.28
frame00568.jpg	372.74	208.76	574.85	260.49	551.63	354.23	367.77	299.35
frame00569.jpg	373.51	208.72	574.93	260.63	551.55	354.49	367.50	299.34
frame00570.jpg	373.73	209.04	574.80	261.04	551.98	354.56	367.58	299.05
frame00571.jpg	373.50	208.69	575.05	260.77	551.48	353.99	368.02	299.09
frame00572.jpg	373.50	208.26	575.15	260.79	551.46	354.20	367.78	299.17
frame00573.jpg	373.78	208.27	575.06	260.60	551.38	354.33	367.87	299.28
frame00574.jpg	373.49	208.08	575.03	260.79	551.26	354.28	367.99	299.27
frame00575.jpg	373.63	208.12	574.58	261.20	550.77	354.95	367.60	299.29
frame00576.jpg	373.66	208.22	574.38	261.56	550.71	355.55	367.45	299.28
frame00577.jpg	373.39	208.01	573.69	261.64	550.45	355.63	367.38	299.34
frame00578.jpg	373.33	208.16	573.46	261.74	550.40	355.75	367.88	299.28
frame00579.jpg	373.03	208.56	572.79	261.58	550.50	355.75	367.83	299.46
frame00580.jpg	372.83	209.21	572.87	260.82	550.82	355.58	368.21	299.86
frame00581.jpg	372.27	209.57	572.77	260.45	550.39	355.21	367.90	300.36
frame00582.jpg	371.29	209.79	571.88	260.22	550.38	354.80	367.06	300.82
frame00583.jpg	370.26	209.76	571.71	259.09	550.06	354.34	367.36	301.40
frame00584.jpg	369.52	210.32	571.17	258.26	550.66	354.08	367.09	301.57
frame00585.jpg	368.53	210.85	569.83	257.45	550.78	352.89	366.42	302.03
frame00586.jpg	367.70	210.61	570.07	255.36	550.58	351.60	366.57	302.43
frame00587.jpg	367.11	210.19	569.78	253.59	550.83	350.79	366.36	302.65
frame00588.jpg	366.62	210.40	569.42	252.55	550.84	349.68	366.38	302.73
frame00589.jpg	366.21	210.58	568.91	251.27	551.14	348.60	366.15	302.66
frame00590.jpg	365.27	210.28	568.76	249.38	551.08	347.23	366.04	303.18
frame00591.jpg	365.25	210.52	568.36	248.00	551.63	346.68	365.61	303.59
frame00592.jpg	364.67	210.72	568.05	246.94	551.84	345.48	365.11	303.73
frame00593.jpg	364.16	210.95	567.89	245.48	551.98	344.29	365.42	303.80
frame00594.jpg	363.79	210.22	568.21	243.39	551.98	343.05	365.58	303.99
frame00595.jpg	363.61	210.20	567.94	241.75	552.43	341.88	365.34	304.17
frame00596.jpg	362.98	209.82	567.90	240.26	552.52	340.11	364.76	304.15
frame00597.jpg	363.11	210.12	567.50	238.01	553.51	337.91	364.68	304.31
frame00598.jpg	362.98	210.24	567.96	235.08	553.96	335.04	364.77	304.42
frame00599.jpg	362.38	209.89	568.26	232.50	554.48	332.73	365.08	304.81
frame00600.jpg	362.57	210.48	568.19	230.44	554.61	330.49	365.09	305.34
frame00601.jpg	362.19	210.42	568.59	228.33	554.59	328.73	365.40	306.10
frame00602.jpg	361.16	210.08	569.30	227.22	553.15	327.04	365.76	306.91
frame00603.jpg	360.61	209.76	568.79	226.05	551.82	325.93	364.68	308.26
frame00604.jpg	360.04	211.02	567.56	225.84	551.99	325.10	363.29	309.05
frame00605.jpg	359.63	211.80	566.48	225.28	550.76	324.39	362.11	310.12
frame00606.jpg	358.24	212.28	565.25	224.20	550.24	324.37	360.48	311.76
frame00607.jpg	358.26	214.33	563.42	224.08	550.76	324.28	359.71	312.67
frame00608.jpg	356.64	213.89	562.81	222.71	550.03	324.80	357.13	314.91
frame00609.jpg	355.58	215.04	561.34	222.18	549.88	324.28	357.93	315.90
frame00610.jpg	354.33	215.15	561.06	220.47	549.48	324.08	357.86	317.47
frame00611.jpg	353.94	217.71	559.92	219.87	550.55	323.28	358.45	318.48
frame00612.jpg	352.68	217.95	559.35	219.45	550.32	323.29	358.93	319.57
frame00613.jpg	351.74	219.77	558.98	219.63	549.77	323.95	359.10	320.82
frame00614.jpg	350.47	220.03	558.32	220.70	548.50	325.96	358.26	322.02
frame00615.jpg	350.32	221.84	557.45	221.78	548.42	326.86	358.49	322.67
frame00616.jpg	349.97	222.20	556.87	222.83	548.03	327.24	358.24	323.53
frame00617.jpg	350.96	224.48	556.88	223.33	549.63	327.30	357.45	324.84
frame00618.jpg	350.90	224.69	556.79	223.51	549.04	327.17	357.96	325.95
frame00619.jpg	351.77	226.74	557.06	223.57	551.07	327.05	358.02	327.24
frame00620.jpg	352.47	228.36	558.02	223.49	552.37	327.00	359.43	328.24
frame00621.jpg	352.16	229.48	557.85	223.82	553.04	326.93	360.19	329.73
frame00622.jpg	352.43	231.42	557.73	223.81	553.87	326.78	360.21	331.29
frame00623.jpg	351.34	231.96	557.47	223.31	553.90	326.40	360.60	332.40
frame00624.jpg	351.57	233.72	557.09	223.11	554.74	326.60	361.08	333.42
frame00625.jpg	350.92	234.65	556.58	222.86	554.82	326.71	360.26	335.31
frame00626.jpg	350.76	235.75	556.66	222.70	555.34	326.84	360.43	336.54
frame00627.jpg	350.69	236.52	556.65	222.89	555.88	327.10	360.19	337.70
frame00628.jpg	350.98	237.29	556.18	223.17	556.46	327.60	359.87	338.98
frame00629.jpg	351.28	238.12	555.24	224.08	557.41	328.22	356.53	341.89
frame00630.jpg	351.24	238.50	555.24	225.00	557.38	329.17	355.02	343.56
frame00631.jpg	351.81	239.23	554.78	226.01	557.41	330.37	354.45	344.91
frame00632.jpg	351.54	239.84	554.80	226.59	557.34	331.19	354.33	345.83
frame00633.jpg	351.36	240.18	554.56	227.17	556.79	332.23	353.87	345.77
frame00634.jpg	350.42	239.62	554.04	228.17	555.33	334.07	352.28	345.82
frame00635.jpg	349.49	239.61	553.47	229.81	554.14	336.19	350.06	345.82
frame00636.jpg	348.43	239.32	552.61	232.49	551.71	338.38	348.05	346.09
frame00637.jpg	348.18	239.45	552.39	234.08	550.73	340.32	347.19	346.28
frame00638.jpg	347.94	240.69	552.00	235.97	550.67	341.53	346.22	346.75
frame00639.jpg	348.27	241.04	552.49	236.68	550.56	341.51	346.04	346.90
frame00640.jpg	348.60	241.16	552.90	236.26	551.07	340.99	347.55	347.30
frame00641.jpg	349.00	241.39	552.93	235.85	551.67	340.34	348.41	347.77
frame00642.jpg	349.37	241.40	553.31	234.83	551.81	339.58	349.68	347.66
frame00643.jpg	349.72	242.24	553.61	233.91	553.11	338.60	350.83	348.22
frame00644.jpg	349.91	243.44	553.78	233.17	554.40	337.88	352.11	349.61
frame00645.jpg	350.71	244.94	554.62	232.31	556.05	337.21	353.88	350.95
frame00646.jpg	351.37	246.82	555.30	231.82	558.00	336.99	355.97	352.24
frame00647.jpg	351.48	248.09	556.07	231.99	558.77	336.55	357.04	353.77
frame00648.jpg	351.48	249.07	556.39	232.47	559.68	336.61	357.03	355.65
frame00649.jpg	351.28	249.20	556.73	232.89	560.10	337.30	357.39	356.69
frame00650.jpg	351.31	249.17	556.86	233.83	560.00	337.66	356.13	357.64
frame00651.jpg	350.85	248.47	556.68	234.32	559.41	338.06	355.70	357.89
frame00652.jpg	351.06	248.53	556.61	234.77	559.63	338.76	355.45	357.85
frame00653.jpg	350.80	248.08	556.30	235.37	560.02	339.57	354.25	358.67
frame00654.jpg	350.52	248.74	556.05	235.91	560.37	340.06	353.42	359.64
frame00655.jpg	349.72	249.32	555.97	236.32	560.23	340.69	353.59	359.98
frame00656.jpg	349.28	250.39	555.25	236.40	560.27	341.20	353.32	361.42
frame00657.jpg	348.69	251.61	555.04	236.18	561.27	341.06	353.87	363.08
frame00658.jpg	348.90	251.78	555.51	235.58	562.71	340.82	353.58	363.14
frame00659.jpg	349.42	251.04	555.80	234.57	562.45	339.93	354.94	361.74
frame00660.jpg	349.26	249.22	555.98	233.79	562.34	339.28	354.72	360.16
frame00661.jpg	349.29	247.55	556.52	233.01	561.97	339.11	354.07	358.94
frame00662.jpg	349.40	246.38	556.96	232.92	561.08	339.20	353.96	357.96
frame00663.jpg	349.63	246.39	557.27	232.82	561.82	339.40	354.76	357.65
frame00664.jpg	350.57	246.44	558.07	233.27	562.64	339.84	354.99	358.31
frame00665.jpg	351.46	247.62	558.87	234.09	563.50	339.48	355.66	359.78
frame00666.jpg	353.65	248.80	560.22	234.08	564.93	339.89	357.77	360.13
frame00667.jpg	354.30	250.35	561.21	235.12	565.82	340.57	358.28	361.44
frame00668.jpg	354.67	253.19	561.49	237.64	565.90	341.91	358.61	362.75
frame00669.jpg	354.13	254.51	561.14	238.99	565.00	343.47	358.50	363.83
frame00670.jpg	353.99	254.84	561.13	240.32	563.61	344.91	358.76	363.91
frame00671.jpg	353.82	255.57	561.15	241.09	563.77	345.55	357.99	365.10
frame00672.jpg	354.60	256.01	561.33	241.74	564.48	346.44	358.55	364.81
frame00673.jpg	354.96	256.43	561.22	242.04	564.80	346.10	358.55	365.40
frame00674.jpg	355.07	256.83	561.49	241.71	565.01	345.71	359.51	365.54
frame00675.jpg	355.05	256.97	561.49	241.06	565.87	345.70	359.74	365.90
frame00676.jpg	355.02	257.57	561.57	240.70	566.45	345.31	360.88	366.24
frame00677.jpg	355.23	257.82	562.03	239.64	567.53	344.61	361.92	367.09
frame00678.jpg	355.61	258.35	562.31	238.72	569.01	343.87	362.95	367.99
frame00679.jpg	355.66	259.07	562.40	238.25	569.75	343.03	364.21	368.41
frame00680.jpg	355.76	259.68	562.65	237.76	570.28	343.00	365.21	368.85
frame00681.jpg	355.72	260.28	562.28	238.28	570.85	343.44	364.13	370.03
frame00682.jpg	355.46	260.88	562.37	238.85	570.75	343.82	364.87	370.41
frame00683.jpg	355.76	262.36	562.77	239.62	571.19	344.45	365.41	370.93
frame00684.jpg	355.33	263.51	562.40	240.68	570.77	345.43	364.98	371.35
frame00685.jpg	354.37	263.39	561.66	242.17	569.00	347.14	362.98	370.93
frame00686.jpg	352.99	263.25	560.91	243.63	567.09	348.37	361.33	370.09
frame00687.jpg	352.38	262.05	560.74	245.35	565.69	350.77	357.99	369.68
frame00688.jpg	351.71	261.03	560.74	247.66	564.45	353.44	357.11	368.33
frame00689.jpg	351.24	259.97	561.35	248.85	563.19	356.19	355.94	367.47
frame00690.jpg	350.74	260.38	561.18	250.01	562.64	357.58	355.14	367.02
frame00691.jpg	350.56	260.43	560.75	251.12	562.66	358.81	353.15	367.25
frame00692.jpg	349.72	260.51	560.54	251.23	562.18	358.83	353.52	366.57
frame00693.jpg	349.10	260.66	559.65	250.66	561.23	357.60	353.51	366.23
frame00694.jpg	348.31	260.70	558.93	249.55	560.22	355.92	354.02	365.95
frame00695.jpg	347.85	259.94	557.52	248.56	560.28	354.26	352.72	365.87
frame00696.jpg	347.62	259.64	557.20	246.98	559.58	352.22	352.93	365.65
frame00697.jpg	347.88	258.75	556.82	245.62	559.52	351.01	352.95	365.33
frame00698.jpg	348.64	258.15	557.74	245.84	560.38	351.03	353.77	364.23
frame00699.jpg	350.05	258.21	558.95	247.35	561.20	352.23	354.10	364.01
frame00700.jpg	351.70	258.17	560.66	249.17	561.82	353.80	354.49	363.94
frame00701.jpg	352.61	257.99	561.29	248.49	562.35	353.73	355.56	364.17
frame00702.jpg	352.86	257.59	561.33	247.35	562.46	352.78	356.37	364.70
frame00703.jpg	353.45	257.63	562.43	247.04	563.23	352.55	357.63	364.78
frame00704.jpg	354.44	257.60	562.61	247.18	564.09	351.93	357.56	365.39
frame00705.jpg	355.47	257.64	563.18	246.47	564.76	351.47	359.44	364.97
frame00706.jpg	354.94	256.99	563.21	246.09	564.11	350.81	359.28	364.69
frame00707.jpg	354.91	256.26	562.77	245.73	563.86	350.51	358.88	364.28
frame00708.jpg	354.69	256.26	562.19	245.04	563.71	349.74	358.93	363.95
frame00709.jpg	354.56	256.00	561.94	244.90	563.27	349.75	358.54	363.44
frame00710.jpg	354.57	255.56	561.47	244.54	563.02	349.71	358.70	363.19
frame00711.jpg	354.75	255.56	561.35	244.13	563.48	349.31	358.50	363.10
frame00712.jpg	354.80	255.23	561.33	243.68	563.56	348.78	358.51	362.71
frame00713.jpg	354.55	254.39	561.64	243.00	563.09	348.18	358.77	362.28
frame00714.jpg	354.61	254.05	561.56	242.64	563.01	347.60	358.65	361.71
frame00715.jpg	354.25	253.53	561.86	241.90	563.15	346.94	358.60	361.54
frame00716.jpg	354.04	253.46	561.71	241.77	562.45	346.28	358.65	361.22
frame00717.jpg	353.84	253.43	561.53	241.77	562.39	345.94	358.50	361.25
frame00718.jpg	354.05	253.55	561.33	241.97	562.73	345.98	357.96	361.23
frame00719.jpg	354.10	253.18	561.54	241.62	562.54	346.19	357.47	361.80
frame00720.jpg	353.99	253.34	561.25	241.90	562.81	346.37	357.36	362.18
frame00721.jpg	353.74	253.80	561.37	241.59	562.27	345.90	358.00	361.82
frame00722.jpg	353.39	253.46	560.10	241.51	562.26	345.73	356.57	362.18
frame00723.jpg	352.39	252.80	559.43	240.87	561.05	344.74	356.51	361.53
frame00724.jpg	351.96	252.52	558.58	240.10	561.19	343.94	355.65	361.19
frame00725.jpg	351.49	251.92	557.94	238.80	560.46	342.92	355.84	360.34
frame00726.jpg	350.85	251.72	557.20	237.68	560.62	341.77	355.27	359.94
frame00727.jpg	350.69	250.70	556.25	236.50	559.95	340.88	354.68	359.57
frame00728.jpg	349.83	249.96	554.94	235.24	559.42	339.84	354.01	359.50
frame00729.jpg	349.01	249.45	554.16	234.17	558.50	338.37	353.63	359.03
frame00730.jpg	348.07	248.83	553.67	233.03	557.82	337.17	354.05	357.78
frame00731.jpg	347.76	247.94	552.59	232.51	557.14	335.96	352.46	357.46
frame00732.jpg	347.28	247.43	551.96	231.47	556.31	334.72	352.95	356.46
frame00733.jpg	347.17	246.88	551.62	230.22	555.91	333.31	352.62	355.64
frame00734.jpg	346.82	245.68	550.24	229.36	555.23	332.09	352.18	354.68
frame00735.jpg	346.49	244.50	549.68	227.78	554.19	330.39	352.16	353.22
frame00736.jpg	346.00	243.39	548.56	226.22	552.81	328.48	352.37	351.91
frame00737.jpg	345.87	242.50	547.40	224.99	552.14	326.47	352.03	350.26
frame00738.jpg	345.56	240.85	546.67	223.54	550.87	325.00	351.80	348.86
frame00739.jpg	345.53	239.50	545.70	222.91	549.89	323.73	351.36	347.68
frame00740.jpg	345.69	238.57	545.26	222.32	548.86	322.66	351.69	345.85
frame00741.jpg	346.11	237.76	545.22	221.93	548.31	322.06	351.81	344.70
frame00742.jpg	346.89	237.08	545.35	222.35	547.90	322.18	352.12	343.75
frame00743.jpg	347.38	237.18	546.00	223.23	547.74	322.95	352.97	343.78
frame00744.jpg	348.43	238.55	547.13	225.33	548.16	324.78	353.30	344.67
frame00745.jpg	349.37	240.36	548.36	228.36	548.33	327.35	352.99	346.46
frame00746.jpg	350.29	243.26	550.03	231.54	549.12	330.51	353.52	348.59
frame00747.jpg	350.22	247.03	551.35	235.94	550.03	334.10	353.59	351.82
frame00748.jpg	351.18	250.59	553.18	239.77	550.88	338.48	353.59	355.60
frame00749.jpg	351.82	253.82	554.63	243.43	551.61	341.77	354.03	358.71
frame00750.jpg	352.44	257.37	555.15	246.54	552.74	343.93	354.15	361.05
frame00751.jpg	352.38	259.16	555.52	248.41	553.32	345.97	354.12	363.58
frame00752.jpg	352.60	261.41	556.33	250.23	554.01	347.88	354.52	365.70
frame00753.jpg	352.40	263.44	556.41	252.25	554.58	350.08	354.18	368.64
frame00754.jpg	352.55	265.48	556.33	254.06	555.46	352.12	352.83	371.79
frame00755.jpg	352.65	267.20	556.52	255.09	556.15	354.12	353.27	374.44
frame00756.jpg	352.19	268.90	556.53	256.62	556.42	355.61	352.99	376.84
frame00757.jpg	352.14	270.33	556.96	258.03	556.95	357.32	353.64	378.37
frame00758.jpg	352.13	271.13	557.78	258.86	557.51	358.73	354.08	379.72
frame00759.jpg	352.59	272.93	558.84	259.98	558.63	360.00	355.03	380.62
frame00760.jpg	352.91	274.38	559.69	260.84	558.99	361.38	356.22	381.79
frame00761.jpg	353.06	275.86	559.83	261.97	559.20	362.48	356.03	383.70
frame00762.jpg	353.03	277.10	560.20	263.51	559.86	363.74	355.55	384.85
frame00763.jpg	353.11	278.44	560.27	264.58	560.78	365.24	354.94	386.52
frame00764.jpg	352.64	279.61	560.71	265.15	560.55	366.59	356.23	387.80
frame00765.jpg	352.54	280.63	560.68	267.03	561.20	368.33	355.75	389.02
frame00766.jpg	352.52	281.59	561.15	267.94	561.61	370.28	356.72	390.43
frame00767.jpg	353.10	282.84	561.49	269.63	562.61	372.53	357.10	391.68
frame00768.jpg	353.20	283.94	562.17	270.30	562.96	374.25	357.46	393.44
frame00769.jpg	353.06	284.92	561.69	271.59	563.52	375.58	356.64	395.05
frame00770.jpg	352.70	285.76	561.32	272.63	563.16	376.66	356.73	396.64
frame00771.jpg	352.36	287.34	561.51	273.84	563.27	377.63	356.83	398.25
frame00772.jpg	352.34	289.46	562.22	274.77	564.19	379.39	357.99	399.86
frame00773.jpg	353.11	291.71	562.31	276.60	565.10	381.66	357.57	402.50
frame00774.jpg	353.29	293.87	562.40	278.65	565.81	383.84	357.68	405.03
frame00775.jpg	353.13	296.38	562.92	280.82	565.72	386.25	357.78	408.05
frame00776.jpg	353.04	298.84	563.07	283.64	566.33	388.65	357.28	410.50
frame00777.jpg	353.15	300.71	563.18	286.48	566.43	391.83	357.53	412.24
frame00778.jpg	353.28	302.78	563.23	288.96	566.84	394.75	357.13	414.81
frame00779.jpg	353.24	304.77	563.38	291.52	566.71	397.58	357.00	417.30
frame00780.jpg	353.63	307.02	563.27	293.82	566.95	400.15	357.17	420.02
frame00781.jpg	354.24	309.03	563.41	296.10	567.89	402.80	357.00	422.67
frame00782.jpg	354.40	311.03	563.91	298.07	568.49	404.97	358.20	424.79
frame00783.jpg	354.91	313.13	564.27	300.43	568.75	407.47	358.22	427.31
frame00784.jpg	355.63	315.65	565.02	302.61	569.86	410.12	359.28	429.46
frame00785.jpg	356.35	317.89	565.33	304.70	571.22	412.57	359.41	432.14
frame00786.jpg	356.75	320.02	565.98	306.84	571.76	414.79	360.08	434.35
frame00787.jpg	356.84	322.12	566.01	308.69	572.41	416.60	360.56	437.15
frame00788.jpg	357.21	324.37	566.40	310.49	573.03	418.68	361.30	439.24
frame00789.jpg	357.73	326.72	566.68	312.31	573.60	420.76	361.65	441.62
frame00790.jpg	357.76	328.47	566.76	314.75	573.66	422.92	361.58	443.81
frame00791.jpg	358.01	330.85	567.01	316.92	574.09	425.21	362.11	446.07
frame00792.jpg	358.54	333.27	567.45	318.91	574.90	427.36	362.44	448.51
frame00793.jpg	359.16	335.69	567.71	321.06	575.94	429.57	362.98	450.87
frame00794.jpg	359.32	337.49	568.20	323.03	576.36	431.83	363.31	452.94
frame00795.jpg	359.46	339.33	568.49	324.65	576.23	433.63	363.82	454.94
frame00796.jpg	359.54	341.14	568.63	326.56	576.53	435.48	363.34	456.84
frame00797.jpg	359.57	342.88	568.48	328.65	576.71	437.33	363.44	458.21
frame00798.jpg	359.44	344.19	568.44	330.59	576.12	439.24	363.22	459.42
frame00799.jpg	359.46	345.31	568.20	332.14	575.88	441.11	362.81	460.88
frame00800.jpg	359.39	347.09	568.04	334.36	575.93	443.15	362.12	462.27
frame00801.jpg	359.27	348.79	568.15	337.10	575.97	445.60	361.96	463.37
frame00802.jpg	359.57	350.79	568.16	339.93	576.25	448.63	361.08	465.31
frame00803.jpg	359.79	352.38	568.46	342.96	575.95	451.88	360.84	467.00
frame00804.jpg	360.68	353.85	568.77	345.23	576.07	455.05	360.87	468.88
frame00805.jpg	360.68	355.45	568.93	347.83	576.46	456.84	360.60	470.58
frame00806.jpg	361.60	357.13	569.35	350.06	576.96	459.45	361.56	471.79
frame00807.jpg	362.02	358.91	569.58	352.18	577.34	461.39	361.36	473.48
frame00808.jpg	362.59	360.76	569.70	354.37	577.87	463.55	361.35	474.94
frame00809.jpg	362.99	362.55	569.90	356.62	577.85	465.55	361.67	476.67
frame00810.jpg	363.23	364.51	569.78	358.99	578.33	467.81	361.52	478.66
frame00811.jpg	363.46	366.78	569.39	360.99	578.64	469.81	362.00	480.56
frame00812.jpg	362.99	368.93	568.69	363.47	578.27	471.68	361.67	482.97
frame00813.jpg	363.17	371.91	568.34	365.47	578.70	473.33	362.35	484.95
frame00814.jpg	363.29	374.48	567.61	367.87	578.68	475.00	362.56	487.02
frame00815.jpg	363.81	377.26	567.40	370.23	579.20	477.21	362.52	489.34
frame00816.jpg	364.25	379.33	567.77	372.52	579.55	479.78	363.11	490.97
frame00817.jpg	364.51	381.47	567.46	375.23	579.42	481.66	363.39	492.96
frame00818.jpg	365.21	383.92	567.23	377.47	579.98	483.98	363.51	494.88
frame00819.jpg	365.25	386.01	566.67	380.03	579.73	485.77	363.13	496.70
frame00820.jpg	365.31	387.50	566.58	382.83	579.27	487.85	363.44	497.69
frame00821.jpg	365.84	389.92	566.66	385.02	579.72	489.24	363.83	499.11
frame00822.jpg	366.56	391.90	566.46	386.79	580.20	490.48	364.46	500.35
frame00823.jpg	366.67	393.48	566.42	388.30	580.50	491.76	364.67	501.46
frame00824.jpg	366.47	395.46	565.53	389.56	579.98	491.83	365.02	502.67
frame00825.jpg	366.26	396.96	564.72	390.97	579.91	492.12	365.39	503.27
frame00826.jpg	366.42	398.39	563.99	392.22	580.16	493.01	365.22	504.16
frame00827.jpg	366.44	399.62	563.51	393.11	580.19	493.22	365.68	504.79
frame00828.jpg	366.13	400.76	562.83	394.58	579.71	493.70	365.67	505.69
frame00829.jpg	366.25	401.96	562.66	395.36	579.64	494.89	366.33	506.97
frame00830.jpg	366.71	403.50	562.19	396.87	580.00	495.43	366.73	507.60
frame00831.jpg	366.91	405.10	562.08	398.29	580.10	496.35	366.74	508.55
frame00832.jpg	366.86	406.36	561.76	400.47	579.85	497.39	366.74	509.27
frame00833.jpg	368.20	408.01	562.08	403.08	580.62	499.30	367.66	509.43
frame00834.jpg	369.18	409.99	562.27	406.33	581.60	500.65	367.54	510.23
frame00835.jpg	369.82	411.59	561.90	408.87	581.93	501.45	368.11	510.67
frame00836.jpg	370.32	413.63	561.61	411.61	582.33	502.19	368.35	510.77
frame00837.jpg	370.70	415.13	560.85	413.67	582.50	502.98	368.16	511.15
frame00838.jpg	370.93	416.42	560.37	415.88	582.26	503.34	368.06	510.93
frame00839.jpg	371.18	418.39	560.04	417.76	582.51	503.78	368.27	511.09
frame00840.jpg	371.48	419.75	559.78	419.84	583.03	505.24	368.08	511.08
frame00841.jpg	371.20	421.54	559.28	421.97	582.48	505.90	368.32	511.86
frame00842.jpg	371.19	423.50	558.65	424.27	582.29	506.76	368.18	512.74
frame00843.jpg	371.43	425.95	558.82	426.30	582.27	507.92	368.59	513.91
frame00844.jpg	371.75	428.70	559.39	428.80	582.75	509.92	368.97	515.63
frame00845.jpg	372.05	431.59	559.74	431.70	583.22	512.62	369.18	517.74
frame00846.jpg	372.27	434.77	559.26	434.53	583.05	514.27	369.49	519.59
frame00847.jpg	371.67	437.70	558.77	436.95	582.42	514.73	369.37	520.81
frame00848.jpg	371.61	440.83	558.10	439.27	582.40	515.23	369.39	521.60
frame00849.jpg	370.91	443.31	557.35	441.00	582.00	515.66	368.52	522.84
frame00850.jpg	370.52	445.59	556.71	442.68	581.59	516.39	368.46	524.01
frame00851.jpg	370.71	447.69	556.41	444.17	581.58	516.84	367.88	525.19
frame00852.jpg	370.69	450.01	556.44	445.77	581.67	517.14	368.12	525.99
frame00853.jpg	370.37	452.39	556.25	447.33	581.84	517.20	367.94	526.70
frame00854.jpg	370.57	455.37	555.93	449.35	582.59	517.24	368.15	527.18
frame00855.jpg	370.57	457.65	555.68	451.54	582.47	517.73	368.28	527.80
frame00856.jpg	370.65	459.01	555.39	453.47	582.15	519.26	368.46	528.68
frame00857.jpg	370.45	460.70	555.06	455.40	581.53	521.01	368.92	530.13
frame00858.jpg	370.43	463.70	554.88	456.83	581.00	521.27	369.70	531.79
frame00859.jpg	370.46	467.03	554.85	458.22	580.80	520.94	370.44	533.05
frame00860.jpg	370.03	470.06	554.74	459.34	580.30	520.42	371.08	534.52
frame00861.jpg	370.04	473.06	554.70	460.87	579.84	520.08	371.71	535.51
frame00862.jpg	370.08	475.66	554.49	462.22	579.81	519.79	372.05	536.32
frame00863.jpg	370.41	478.39	554.22	464.35	579.95	519.45	372.48	536.38
frame00864.jpg	370.72	482.40	553.61	468.56	580.11	519.34	371.75	536.37
frame00865.jpg	370.48	486.93	553.11	474.64	580.18	519.80	370.94	535.41
frame00866.jpg	370.69	489.82	553.01	479.62	579.96	520.06	370.32	533.42
frame00867.jpg	370.65	490.68	552.86	480.82	579.52	520.06	370.18	533.29
frame00868.jpg	370.76	491.33	552.85	480.64	579.60	519.94	370.26	534.04
frame00869.jpg	370.86	491.86	552.92	480.56	579.71	519.83	370.59	534.43
frame00870.jpg	370.78	492.16	552.86	480.68	579.46	519.82	370.64	534.64
frame00871.jpg	370.61	492.47	552.80	480.75	579.55	519.74	370.37	534.86
frame00872.jpg	370.75	492.95	552.80	480.93	579.71	519.59	370.45	534.95
frame00873.jpg	370.80	493.32	552.89	481.00	579.78	519.49	370.57	535.08
frame00874.jpg	370.87	493.61	552.92	481.13	579.74	519.45	370.63	535.21
frame00875.jpg	370.94	493.84	552.93	481.18	579.78	519.42	370.87	535.29
frame00876.jpg	371.12	494.14	553.06	481.18	579.83	519.40	371.17	535.38
frame00877.jpg	371.01	494.39	553.05	481.21	579.71	519.34	371.28	535.60
frame00878.jpg	371.19	494.64	553.07	481.30	579.81	519.31	371.16	535.75
frame00879.jpg	371.08	494.75	553.10	481.30	579.58	519.33	371.49	535.85
frame00880.jpg	371.18	494.93	553.08	481.37	579.64	519.31	371.56	535.92
frame00881.jpg	371.19	495.02	553.18	481.35	579.62	519.34	371.71	536.02
frame00882.jpg	371.10	495.20	553.13	481.43	579.60	519.32	371.71	536.16
frame00883.jpg	371.11	495.36	553.23	481.38	579.54	519.31	371.79	536.30
frame00884.jpg	371.22	495.52	553.26	481.40	579.47	519.31	371.88	536.42
frame00885.jpg	371.31	495.69	553.24	481.42	579.61	519.31	371.85	536.56
frame00886.jpg	371.32	495.84	553.22	481.44	579.48	519.30	372.18	536.62
frame00887.jpg	371.33	495.91	553.32	481.43	579.51	519.33	372.23	536.69
frame00888.jpg	371.41	496.05	553.31	481.46	579.53	519.32	372.12	536.80
frame00889.jpg	371.38	496.20	553.26	481.47	579.45	519.28	372.30	536.93
frame00890.jpg	371.38	496.29	553.28	481.46	579.45	519.28	372.37	537.02
frame00891.jpg	371.35	496.44	553.31	481.46	579.52	519.26	372.34	537.12
frame00892.jpg	371.36	496.54	553.29	481.47	579.46	519.25	372.37	537.20
frame00893.jpg	371.27	496.59	553.30	481.49	579.36	519.26	372.45	537.26
frame00894.jpg	371.25	496.68	553.34	481.51	579.24	519.26	372.49	537.32
frame00895.jpg	371.25	496.77	553.33	481.55	579.36	519.25	372.41	537.40
frame00896.jpg	371.28	496.83	553.34	481.55	579.35	519.23	372.38	537.46
frame00897.jpg	371.30	496.95	553.35	481.57	579.33	519.20	372.45	537.52
frame00898.jpg	371.28	497.00	553.36	481.58	579.25	519.19	372.56	537.54
frame00899.jpg	371.29	497.05	553.32	481.60	579.17	519.20	372.62	537.61
frame00900.jpg	371.34	497.14	553.32	481.61	579.29	519.20	372.66	537.65
frame00901.jpg	371.40	497.18	553.30	481.64	579.14	519.22	372.68	537.69
